6.631368450087425e-04 9.993368631549919e-01
2.299121462526506e-04 9.997700878537490e-01
4.645159996352195e-04 9.995354840003646e-01
5.815101718810079e-04 9.994184898281165e-01
3.129104323571419e-04 9.996870895676407e-01
8.839820066761220e-04 9.991160179933242e-01
6.488919909984500e-04 9.993511080090006e-01
2.645902784116051e-04 9.997354097215875e-01
2.814600389121841e-04 9.997185399610914e-01
3.821110804945091e-04 9.996178889195086e-01
5.971776610918658e-04 9.994028223389093e-01
4.323095628464718e-04 9.995676904371524e-01
4.806444600637885e-04 9.995193555399361e-01
3.710964205966389e-04 9.996289035794045e-01
5.572560077036806e-04 9.994427439922963e-01
1.878973396203773e-04 9.998121026603812e-01
9.940900360394427e-04 9.990059099639581e-01
7.888309378141870e-04 9.992111690621868e-01
4.335545019541450e-04 9.995664454980465e-01
7.095514127620484e-04 9.992904485872397e-01
4.113911365857650e-04 9.995886088634177e-01
9.835318379639148e-04 9.990164681620380e-01
1.477403435676672e-04 9.998522596564334e-01
7.122484009817597e-04 9.992877515990181e-01
2.466778942731756e-04 9.997533221057266e-01
2.425122815076404e-04 9.997574877184939e-01
7.824611954546998e-04 9.992175388045449e-01
5.599041000597550e-05 9.999440095899903e-01
3.886249666382777e-04 9.996113750333648e-01
7.212030311478935e-04 9.992787969688522e-01
8.716342598959072e-04 9.991283657401070e-01
8.345559826085141e-04 9.991654440173902e-01
8.780223729381461e-04 9.991219776270587e-01
7.055889347452384e-05 9.999294411065254e-01
4.875527131178572e-04 9.995124472868838e-01
6.000315830119170e-04 9.993999684169870e-01
5.742108306659980e-04 9.994257891693359e-01
5.327090161483187e-04 9.994672909838509e-01
2.849108717641290e-04 9.997150891282375e-01
5.654278337133835e-04 9.994345721662848e-01
1.409715839686488e-04 9.998590284160297e-01
6.407916420744713e-04 9.993592083579282e-01
9.042689004804067e-04 9.990957310995188e-01
7.012133864723154e-04 9.992987866135273e-01
6.937715738267793e-04 9.993062284261718e-01
5.370458003006365e-04 9.994629541997009e-01
8.461726777633201e-04 9.991538273222358e-01
4.994444066182800e-04 9.995005555933806e-01
4.992291878155946e-04 9.995007708121841e-01
3.729735732402153e-04 9.996270264267573e-01
8.134782159887436e-04 9.991865217840146e-01
5.529805410294260e-04 9.994470194589700e-01
2.632811984706502e-05 9.999736718801537e-01
6.685335040858834e-04 9.993314664959162e-01
1.978142947756664e-04 9.998021857052223e-01
8.733363842702848e-04 9.991266636157303e-01
7.914005821373105e-04 9.992085994178653e-01
5.290822098088409e-04 9.994709177901896e-01
1.508952492145632e-05 9.999849104750795e-01
5.112247150022950e-04 9.994887752849979e-01
4.449557188227774e-04 9.995550442811746e-01
6.418998947679637e-05 9.999358100105231e-01
9.193257588256825e-04 9.990806742411752e-01
9.465407456434178e-04 9.990534592543566e-01
6.096776634880842e-04 9.993903223365106e-01
3.492744668832658e-04 9.996507255331146e-01
6.048393348174955e-04 9.993951606651820e-01
7.157030822215962e-04 9.992842969177765e-01
8.403697933762953e-04 9.991596302066216e-01
3.490980848052321e-04 9.996509019151958e-01
7.124511137990086e-04 9.992875488862006e-01
2.953480165168544e-04 9.997046519834815e-01
4.677488827654147e-04 9.995322511172329e-01
8.345687622859514e-04 9.991654312377131e-01
8.429753029354060e-04 9.991570246970639e-01
8.241900393811045e-04 9.991758099606186e-01
3.024090568404500e-04 9.996975909431611e-01
8.004246562147329e-04 9.991995753437878e-01
6.309150223011763e-04 9.993690849777003e-01
8.748291320351512e-04 9.991251708679659e-01
7.680356322302844e-04 9.992319643677681e-01
7.844336593466761e-04 9.992155663406531e-01
6.380453662696010e-04 9.993619546337311e-01
3.171053295516387e-04 9.996828946704457e-01
9.336915210342042e-04 9.990663084789664e-01
8.816100323690729e-04 9.991183899676310e-01
5.700492904164871e-05 9.999429950709552e-01
7.797817143309569e-04 9.992202182856704e-01
4.910074033039701e-04 9.995089925966981e-01
7.419602850726279e-05 9.999258039714943e-01
9.752912817959604e-05 9.999024708718178e-01
7.901506382349114e-04 9.992098493617616e-01
1.399151013116512e-04 9.998600848986876e-01
1.996978479378937e-04 9.998003021520595e-01
3.872489693493378e-04 9.996127510306509e-01
4.761523144317202e-05 9.999523847685583e-01
5.177103816801295e-04 9.994822896183224e-01
2.320453116844268e-04 9.997679546883169e-01
5.618213305227637e-04 9.994381786694744e-01
2.656197663098454e-04 9.997343802336914e-01
5.703006937661933e-04 9.994296993062320e-01
7.232414293926299e-04 9.992767585706076e-01
2.048792454228178e-04 9.997951207545795e-01
5.713751289851420e-04 9.994286248710195e-01
6.070464733171729e-04 9.993929535266827e-01
3.358483659901372e-04 9.996641516340117e-01
6.991380184903659e-04 9.993008619815067e-01
3.948653161479596e-04 9.996051346838516e-01
4.490301419688219e-04 9.995509698580290e-01
3.518795604900166e-04 9.996481204395080e-01
2.516898289678173e-04 9.997483101710347e-01
1.305023302674735e-04 9.998694976697298e-01
4.944800185676970e-04 9.995055199814293e-01
3.052363843256070e-04 9.996947636156724e-01
9.630151438305650e-04 9.990369848561678e-01
2.120404586489468e-04 9.997879595413511e-01
5.370762586497068e-04 9.994629237413495e-01
3.531978516435931e-04 9.996468021483569e-01
4.329096483240483e-04 9.995670903516760e-01
1.008920930108979e-03 9.989910790698913e-01
4.143979745548112e-04 9.995856020254441e-01
7.508335132524697e-04 9.992491664867457e-01
9.449084982294669e-04 9.990550915017683e-01
6.237064795004288e-05 9.999376293520517e-01
5.166971282988184e-04 9.994833028717003e-01
4.458641731507805e-04 9.995541358268506e-01
8.493583246191611e-04 9.991506416753796e-01
4.536241384743925e-04 9.995463758615266e-01
9.745100728997230e-04 9.990254899271013e-01
3.874991335694340e-04 9.996125008664297e-01
1.562984870594475e-04 9.998437015129399e-01
6.136838510234679e-04 9.993863161489772e-01
4.698445323437689e-04 9.995301554676566e-01
8.794715344474321e-04 9.991205284655522e-01
8.168285903374605e-04 9.991831714096626e-01
2.175615709780082e-04 9.997824384290224e-01
3.781902280991275e-04 9.996218097719004e-01
5.902442726298490e-04 9.994097557273705e-01
6.773050234519422e-04 9.993226949765500e-01
9.252616099173612e-04 9.990747383900824e-01
3.567180081607878e-04 9.996432819918386e-01
1.323908946492942e-04 9.998676091053503e-01
1.336241536101432e-04 9.998663758463897e-01
4.891722463025411e-04 9.995108277536955e-01
8.090337749117829e-04 9.991909662250863e-01
5.322825184361358e-04 9.994677174815626e-01
2.244099577174922e-04 9.997755900422818e-01
2.759308382628531e-04 9.997240691617353e-01
4.669903127750401e-04 9.995330096872254e-01
9.436686059576097e-04 9.990563313940433e-01
8.401481794892170e-05 9.999159851820534e-01
8.310597078130082e-04 9.991689402921876e-01
7.992903835031078e-04 9.992007096164970e-01
2.694209279455336e-04 9.997305790720528e-01
7.849529130230660e-05 9.999215047086979e-01
5.824609942564850e-04 9.994175390057437e-01
7.601045552201804e-04 9.992398954447799e-01
1.430945780744980e-04 9.998569054219253e-01
3.356605251475152e-04 9.996643394748527e-01
5.370644514446286e-04 9.994629355485556e-01
5.302879141370018e-04 9.994697120858648e-01
9.892324575767453e-05 9.999010767542404e-01
5.119867983634312e-04 9.994880132016366e-01
7.531881763288825e-04 9.992468118236696e-01
1.098741587513742e-04 9.998901258412476e-01
6.676393816480314e-04 9.993323606183532e-01
1.731448431573859e-05 9.999826855156818e-01
3.399172795925386e-04 9.996600827204086e-01
6.324173432090874e-04 9.993675826567914e-01
3.351774618509590e-04 9.996648225381487e-01
3.397855393225652e-04 9.996602144606782e-01
6.692233095217789e-04 9.993307766904799e-01
4.230712992860639e-04 9.995769287007149e-01
8.613253019914473e-04 9.991386746980071e-01
4.109282973031462e-04 9.995890717026970e-01
9.535233313060678e-04 9.990464766686942e-01
2.601540384279990e-04 9.997398459615731e-01
2.121552600791868e-04 9.997878447399234e-01
5.204341755076693e-04 9.994795658244929e-01
8.597418221812603e-04 9.991402581778188e-01
1.114489721408310e-04 9.998885510278579e-01
2.526921033398900e-04 9.997473078966614e-01
9.945292402273546e-04 9.990054707597719e-01
2.751290939572574e-06 9.999972487090599e-01
5.440596046400204e-05 9.999455940395359e-01
2.079401773437705e-04 9.997920598226547e-01
1.265623788585373e-04 9.998734376211408e-01
7.407628304958737e-04 9.992592371695047e-01
1.192018263936065e-04 9.998807981736075e-01
8.783592137792035e-04 9.991216407862209e-01
6.300298406423218e-04 9.993699701593587e-01
9.747261345650222e-04 9.990252738654354e-01
2.771100286546542e-04 9.997228899713457e-01
4.351569888045638e-04 9.995648430111934e-01
5.693115207037849e-04 9.994306884792951e-01
2.110844166927339e-04 9.997889155833067e-01
1.660711955605724e-04 9.998339288044384e-01
2.295502690724050e-04 9.997704497309284e-01
4.601977737307566e-04 9.995398022262687e-01
1.735251757991312e-04 9.998264748242003e-01
6.655732862527917e-04 9.993344267137463e-01
1.932662431962373e-04 9.998067337568061e-01
6.099483725723979e-04 9.993900516274268e-01
7.240762073045532e-04 9.992759237926978e-01
2.453442969553504e-04 9.997546557030426e-01
6.322787113938305e-04 9.993677212886043e-01
1.880019102942886e-06 9.999981199808964e-01
5.459256030800092e-04 9.994540743969184e-01
5.471181144301358e-04 9.994528818855716e-01
6.025073167856679e-05 9.999397492683236e-01
6.654371918739090e-04 9.993345628081270e-01
9.387215107993457e-04 9.990612784892028e-01
1.249744187615219e-05 9.999875025581261e-01
6.061953972241211e-04 9.993938046027779e-01
4.827043091640829e-04 9.995172956908374e-01
5.310162728198339e-04 9.994689837271812e-01
6.484249250808364e-04 9.993515750749205e-01
9.864998058549360e-04 9.990135001941441e-01
9.827079431932750e-04 9.990172920568053e-01
6.299587242578692e-04 9.993700412757410e-01
9.516742043074366e-04 9.990483257956951e-01
6.794094747972220e-04 9.993205905252047e-01
8.878978790819262e-04 9.991121021209169e-01
8.343858341501115e-04 9.991656141658490e-01
9.716663259047613e-04 9.990283336740957e-01
9.067131418658623e-04 9.990932868581310e-01
6.518154936271840e-05 9.999348184506356e-01
4.357672511954198e-04 9.995642327488037e-01
2.920151153578361e-04 9.997079848846442e-01
5.915368975398924e-04 9.994084631024577e-01
5.236191880189398e-04 9.994763808119790e-01
7.210418873734893e-04 9.992789581126245e-01
2.662366332787765e-04 9.997337633667233e-01
1.063987078896875e-04 9.998936012921092e-01
1.342546503726562e-04 9.998657453496285e-01
3.483584750681990e-04 9.996516415249324e-01
3.759703018844006e-04 9.996240296981130e-01
5.371258910904822e-04 9.994628741089102e-01
2.977859069538749e-04 9.997022140930482e-01
3.679817224688824e-04 9.996320182775352e-01
5.344793088655224e-04 9.994655206911354e-01
1.646696041114964e-04 9.998353303958885e-01
6.312703157034419e-04 9.993687296842974e-01
8.247808584584273e-04 9.991752191415422e-01
7.425080833676993e-04 9.992574919166325e-01
7.247612226080191e-05 9.999275238777389e-01
3.961453001529206e-05 9.999603854699834e-01
7.868205092822600e-04 9.992131794907160e-01
2.063397819034215e-04 9.997936602180951e-01
9.699611163198500e-04 9.990300388836779e-01
4.104199004151881e-04 9.995895800995865e-01
6.803299724432528e-04 9.993196700275560e-01
3.055095161186019e-05 9.999694490483862e-01
3.539262450584118e-04 9.996460737549397e-01
9.204634403625576e-04 9.990795365596371e-01
8.068416280052242e-04 9.991931583719958e-01
6.922928686025924e-05 9.999307707131431e-01
4.746871555299650e-04 9.995253128444685e-01
7.555127835886743e-04 9.992444872164096e-01
6.829764498283240e-04 9.993170235501704e-01
1.025750010904721e-04 9.998974249989124e-01
7.498517248902036e-04 9.992501482751116e-01
2.234244414623363e-04 9.997765755585394e-01
3.770352679497451e-04 9.996229647320517e-01
2.744111972084120e-04 9.997255888027888e-01
5.613683462694875e-04 9.994386316537311e-01
6.863274653139160e-04 9.993136725346877e-01
3.340432370687529e-04 9.996659567629341e-01
9.746692986619316e-05 9.999025330701334e-01
5.591463057310503e-04 9.994408536942709e-01
8.252569809461536e-04 9.991747430190523e-01
6.157164836517098e-04 9.993842835163497e-01
6.893156957246662e-05 9.999310684304311e-01
6.959441366135212e-04 9.993040558633832e-01
3.428405014117034e-04 9.996571594985850e-01
8.594762259017328e-04 9.991405237740970e-01
5.345718914856795e-04 9.994654281085129e-01
1.216833158746394e-04 9.998783166841231e-01
4.388563321639835e-04 9.995611436678364e-01
1.049985137729625e-04 9.998950014862279e-01
1.619874279419172e-04 9.998380125720571e-01
2.280022812980289e-04 9.997719977187011e-01
6.083335115478421e-04 9.993916664884538e-01
1.162152981022005e-04 9.998837847018982e-01
4.344257440957113e-04 9.995655742559042e-01
2.960874936251583e-04 9.997039125063746e-01
5.774228336118855e-04 9.994225771663893e-01
5.796385471993313e-04 9.994203614528012e-01
4.051690157304516e-05 9.999594830984263e-01
6.050573323295625e-04 9.993949426676728e-01
7.175406628178550e-04 9.992824593371874e-01
6.277378420386186e-04 9.993722621579602e-01
1.340733808096103e-04 9.998659266191904e-01
1.493338849657635e-04 9.998506661150333e-01
2.849052978511456e-04 9.997150947021520e-01
2.614462703411949e-04 9.997385537296598e-01
7.345337194766448e-04 9.992654662805207e-01
4.581947933740508e-04 9.995418052066271e-01
2.486595275281297e-04 9.997513404724733e-01
1.167215228762450e-04 9.998832784771219e-01
5.009669549986674e-04 9.994990330450026e-01
3.301600435090629e-04 9.996698399564929e-01
9.035259307907342e-04 9.990964740692093e-01
8.160520501949758e-04 9.991839479498033e-01
7.924404167652320e-04 9.992075595832374e-01
1.130677638850660e-04 9.998869322361138e-01
8.156849278477571e-04 9.991843150721510e-01
4.713366182764094e-04 9.995286633817230e-01
4.161784747074934e-04 9.995838215252960e-01
5.364844353178178e-04 9.994635155646815e-01
4.575648398109117e-04 9.995424351601879e-01
2.353017511415814e-04 9.997646982488596e-01
9.037848688895630e-04 9.990962151311108e-01
9.965339767182939e-04 9.990034660232820e-01
3.754441412024005e-04 9.996245558587979e-01
4.879268013193424e-04 9.995120731986820e-01
8.699685748989418e-04 9.991300314251012e-01
3.501971564415131e-04 9.996498028435562e-01
3.479676250014162e-04 9.996520323749984e-01
6.168877127276959e-04 9.993831122872732e-01
1.995148675842413e-04 9.998004851324152e-01
3.714039880473026e-04 9.996285960119536e-01
4.317332055459571e-04 9.995682667944553e-01
1.962007780228563e-04 9.998037992219770e-01
3.931260888784785e-04 9.996068739111230e-01
1.162497206042032e-04 9.998837502793938e-01
4.540070459973839e-05 9.999545992954024e-01
2.650519268608068e-04 9.997349480731398e-01
8.232431573322030e-04 9.991767568426667e-01
3.312150255080194e-04 9.996687849744956e-01
3.613677366822149e-04 9.996386322633202e-01
3.811430248302177e-04 9.996188569751723e-01
4.153023004324124e-04 9.995846976995661e-01
9.408064237457530e-04 9.990591935762538e-01
5.116958434027097e-04 9.994883041565973e-01
5.207465785355362e-04 9.994792534214650e-01
2.450989896463591e-04 9.997549010103527e-01
6.162359390170395e-04 9.993837640609826e-01
2.404101712252415e-04 9.997595898287736e-01
5.952060232429221e-04 9.994047939767600e-01
2.240154375851164e-04 9.997759845624136e-01
6.112299112963830e-04 9.993887700887042e-01
4.827471126633626e-04 9.995172528873379e-01
7.151342064114985e-04 9.992848657935862e-01
4.326698336027908e-04 9.995673301663958e-01
5.115322627429372e-04 9.994884677372576e-01
7.279919117718783e-04 9.992720080882281e-01
2.701385354300408e-04 9.997298614645700e-01
1.392168840227201e-04 9.998607831159764e-01
8.789014865506489e-04 9.991210985134513e-01
9.055444487590198e-04 9.990944555512419e-01
8.826456267926640e-04 9.991173543732083e-01
6.761231738573761e-04 9.993238768261421e-01
5.281340514185651e-06 9.999947186594881e-01
5.485325272102943e-04 9.994514674727870e-01
6.013549947756366e-04 9.993986450052249e-01
7.055302042067320e-04 9.992944697957915e-01
4.607103416562634e-04 9.995392896583412e-01
8.971987931355508e-04 9.991028012068659e-01
1.976912540881412e-05 9.999802308745928e-01
1.662976994084208e-04 9.998337023005920e-01
1.012373580633432e-04 9.998987626419377e-01
7.565014354449643e-05 9.999243498564552e-01
8.226037556885217e-04 9.991773962443131e-01
5.037164945172747e-04 9.994962835054865e-01
8.196119317154821e-05 9.999180388068303e-01
2.177220297904117e-04 9.997822779702081e-01
8.719467142345388e-04 9.991280532857650e-01
7.993015107659354e-05 9.999200698489239e-01
1.514788054493071e-04 9.998485211945514e-01
9.192614944348760e-04 9.990807385055659e-01
9.114565898100945e-04 9.990885434101892e-01
5.338438989880919e-04 9.994661561010117e-01
3.371042136467241e-04 9.996628957863491e-01
1.444204285843558e-04 9.998555795714184e-01
7.034691392606662e-04 9.992965308607406e-01
4.049607776374627e-04 9.995950392223603e-01
4.201907212981923e-04 9.995798092787020e-01
9.529480997995563e-04 9.990470519001990e-01
2.178908874546585e-04 9.997821091125468e-01
5.453340998989945e-04 9.994546659000992e-01
2.024807855514668e-04 9.997975192144510e-01
7.274166971038651e-04 9.992725833028954e-01
7.520702416363529e-05 9.999247929758383e-01
9.362842390051833e-04 9.990637157609956e-01
2.059725426576739e-05 9.999794027457347e-01
8.853003167968562e-04 9.991146996832004e-01
3.663781026619947e-04 9.996336218973367e-01
7.103705805800690e-04 9.992896294194197e-01
6.429975628336878e-05 9.999357002437161e-01
6.349564347085442e-04 9.993650435652902e-01
5.685436142217036e-05 9.999431456385762e-01
4.021020046293738e-04 9.995978979953680e-01
3.784300424497341e-04 9.996215699575514e-01
5.062937133718339e-04 9.994937062866269e-01
3.324364876169473e-04 9.996675635123833e-01
5.315985080945538e-04 9.994684014919066e-01
9.213817033253864e-04 9.990786182966740e-01
8.234475176303160e-04 9.991765524823681e-01
6.049342260303526e-04 9.993950657739679e-01
8.217504950071492e-04 9.991782495049937e-01
2.104777765120063e-04 9.997895222234880e-01
8.643300693241700e-04 9.991356699306738e-01
9.713475741579083e-04 9.990286524258438e-01
8.759853081313342e-05 9.999124014691867e-01
2.388727222790474e-04 9.997611272777206e-01
9.826556854013366e-04 9.990173443145985e-01
1.409921217221482e-04 9.998590078782789e-01
9.900540279031993e-04 9.990099459721019e-01
3.411017304413375e-04 9.996588982695587e-01
9.659408722975745e-04 9.990340591277035e-01
3.347057103859444e-04 9.996652942896139e-01
1.735370736137307e-05 9.999826462926397e-01
9.778917040557079e-04 9.990221082959406e-01
4.404985192625558e-04 9.995595014807366e-01
3.863552463879993e-04 9.996136447536131e-01
9.490513458880331e-04 9.990509486541096e-01
1.247946086271061e-04 9.998752053913749e-01
8.817025812822390e-04 9.991182974187175e-01
6.867089751848234e-04 9.993132910248168e-01
6.060440587857590e-05 9.999393955941204e-01
5.173611662242119e-04 9.994826388337771e-01
9.678821484084745e-04 9.990321178515924e-01
1.183082569154586e-04 9.998816917430833e-01
8.932079800576930e-04 9.991067920199431e-01
3.719851442351109e-04 9.996280148557674e-01
7.350615016518436e-04 9.992649384983474e-01
8.650042222337181e-04 9.991349957777675e-01
7.610032136217475e-05 9.999238996786347e-01
3.559208324590335e-04 9.996440791675397e-01
8.029726927064408e-04 9.991970273072944e-01
3.245200102166561e-04 9.996754799897828e-01
8.304355919192968e-05 9.999169564408084e-01
2.460639219787657e-04 9.997539360780205e-01
1.016659705804589e-04 9.998983340294221e-01
2.617694157757764e-06 9.999973823058453e-01
6.275138583040109e-04 9.993724861416962e-01
5.929587705248840e-04 9.994070412294745e-01
9.009234432517805e-04 9.990990765567468e-01
5.195462922393502e-04 9.994804537077628e-01
2.694508833210779e-04 9.997305491166802e-01
4.461031268965099e-04 9.995538968731037e-01
9.806087082583968e-04 9.990193912917407e-01
3.226227678975692e-04 9.996773772321016e-01
5.308038664336785e-04 9.994691961335664e-01
7.563483104406598e-04 9.992436516895598e-01
3.294992807387719e-04 9.996705007192589e-01
2.142255483161876e-04 9.997857744516829e-01
2.719802051228045e-04 9.997280197948801e-01
5.819163298271281e-04 9.994180836701722e-01
6.949321952953671e-05 9.999305067804718e-01
1.646017368931147e-05 9.999835398263114e-01
5.170327950409726e-04 9.994829672049578e-01
6.295077718289504e-04 9.993704922281722e-01
7.623165259442491e-04 9.992376834740588e-01
3.396136363834826e-04 9.996603863636166e-01
7.840114954911780e-04 9.992159885045097e-01
2.438523715454668e-04 9.997561476284598e-01
6.688660023196632e-04 9.993311339976835e-01
5.720148846239918e-04 9.994279851153791e-01
6.857370508827746e-04 9.993142629491197e-01
3.738934460000675e-04 9.996261065539971e-01
6.553630939155963e-04 9.993446369060834e-01
4.263792800189131e-04 9.995736207199809e-01
9.627733986954054e-04 9.990372266013052e-01
2.113422715720154e-04 9.997886577284306e-01
3.526014289616534e-04 9.996473985710369e-01
2.339451241479698e-04 9.997660548758505e-01
8.231132481208395e-05 9.999176886751855e-01
1.755577028160729e-04 9.998244422971855e-01
3.920878366478535e-04 9.996079121633499e-01
8.611776411101203e-05 9.999138822358905e-01
6.359556308850751e-04 9.993640443691151e-01
3.189255918781397e-04 9.996810744081195e-01
7.315605646325365e-04 9.992684394353680e-01
4.038199311118322e-04 9.995961800688880e-01
4.362099621901738e-04 9.995637900378116e-01
1.446248406480000e-04 9.998553751593524e-01
7.575283625112044e-04 9.992424716374892e-01
3.190374114496935e-04 9.996809625885520e-01
5.818743052341600e-04 9.994181256947623e-01
6.458585715397305e-04 9.993541414284590e-01
3.803114379031991e-04 9.996196885620965e-01
8.157478407505190e-04 9.991842521592486e-01
9.863889615679537e-04 9.990136110384323e-01
9.081119952374789e-04 9.990918880047620e-01
5.312099653295234e-04 9.994687900346674e-01
4.733736894065591e-04 9.995266263105944e-01
7.707500527180717e-04 9.992292499472814e-01
8.990493863154915e-04 9.991009506136849e-01
5.629414834987294e-04 9.994370585164992e-01
1.875883453444630e-04 9.998124116546566e-01
4.160357593506997e-04 9.995839642406510e-01
2.906446746322426e-04 9.997093553253689e-01
4.595978692962398e-04 9.995404021307037e-01
8.258651812173946e-04 9.991741348187857e-01
3.722462521031686e-04 9.996277537478978e-01
7.325063084721635e-04 9.992674936915268e-01
8.690103644399547e-04 9.991309896355614e-01
7.152782936602250e-04 9.992847217063391e-01
3.569932413534341e-04 9.996430067586471e-01
1.707882673456195e-04 9.998292117326545e-01
4.433015004347255e-04 9.995566984995619e-01
5.573272212833627e-04 9.994426727787186e-01
6.488152304132715e-04 9.993511847695873e-01
2.012759668540329e-04 9.997987240331445e-01
2.411953353489883e-04 9.997588046646507e-01
2.436469696713957e-05 9.999756353030335e-01
2.106768795787309e-06 9.999978932312057e-01
4.286453768279359e-04 9.995713546231713e-01
4.800367644815503e-04 9.995199632355179e-01
2.277986362665433e-04 9.997722013637342e-01
6.014692055976975e-06 9.999939853079454e-01
4.892692349756039e-04 9.995107307650255e-01
5.280128968866940e-04 9.994719871031112e-01
8.334732375170043e-04 9.991665267624826e-01
9.886469370641970e-04 9.990113530629376e-01
1.966512293287080e-05 9.999803348770675e-01
4.840062634305852e-04 9.995159937365670e-01
1.835607852029777e-04 9.998164392148010e-01
3.376799220718999e-04 9.996623200779258e-01
4.113416033336906e-04 9.995886583966672e-01
6.095543029729528e-04 9.993904456970246e-01
9.479686180203617e-04 9.990520313819803e-01
8.403737385379556e-04 9.991596262614613e-01
4.835641261926337e-04 9.995164358738062e-01
7.020796368991410e-04 9.992979203631002e-01
2.951509267184076e-04 9.997048490732834e-01
5.086921460401868e-04 9.994913078539603e-01
6.356639645998878e-04 9.993643360354003e-01
5.987532600203303e-04 9.994012467399797e-01
3.028767024276483e-04 9.996971232975715e-01
7.905232131014612e-04 9.992094767868990e-01
6.003207918136838e-04 9.993996792081877e-01
6.390619699868271e-04 9.993609380300111e-01
1.205205289682016e-04 9.998794794710338e-01
3.359043628874152e-04 9.996640956371150e-01
3.939712645753729e-04 9.996060287354224e-01
7.208834250200881e-04 9.992791165749831e-01
4.900459912447651e-04 9.995099540087581e-01
8.546768689571440e-04 9.991453231310454e-01
6.792491786715935e-04 9.993207508213314e-01
7.842033333863097e-04 9.992157966666115e-01
3.983161104078763e-04 9.996016838895905e-01
7.119902203377155e-04 9.992880097796617e-01
7.521026120836238e-04 9.992478973879125e-01
3.470302115276463e-04 9.996529697884693e-01
3.073175213262620e-04 9.996926824786733e-01
7.378320896283309e-04 9.992621679103700e-01
7.918927674862394e-04 9.992081072325114e-01
9.270643716391011e-04 9.990729356283559e-01
9.659506135412830e-05 9.999034049386449e-01
6.859341941426009e-05 9.999314065805843e-01
6.328951090852897e-04 9.993671048909146e-01
5.831694453376164e-04 9.994168305546629e-01
2.017506020987227e-04 9.997982493979014e-01
5.713339777375900e-04 9.994286660222605e-01
2.671675838106960e-04 9.997328324161898e-01
9.513532933778906e-04 9.990486467066235e-01
6.107261547604876e-04 9.993892738452415e-01
1.763101269679153e-04 9.998236898730342e-01
4.866233900158165e-04 9.995133766099834e-01
5.857399332195564e-04 9.994142600667821e-01
7.839533004088519e-05 9.999216046699614e-01
3.759336445085840e-04 9.996240663554917e-01
5.106231406765995e-04 9.994893768593238e-01
5.816556552572935e-04 9.994183443447430e-01
4.646416757707194e-04 9.995353583242281e-01
9.162475623124437e-04 9.990837524376884e-01
2.501003414198464e-04 9.997498996585803e-01
4.983624582640421e-04 9.995016375417353e-01
8.887336081944840e-04 9.991112663918064e-01
2.059677800238463e-04 9.997940322199760e-01
9.971833879263077e-05 9.999002816612068e-01
8.488075332065248e-04 9.991511924667934e-01
5.840957033979401e-04 9.994159042966041e-01
6.191153860625353e-04 9.993808846139375e-01
6.693229642973536e-04 9.993306770357043e-01
5.646636353431904e-04 9.994353363646554e-01
4.524170285190847e-05 9.999547582971479e-01
8.631910902604933e-04 9.991368089097363e-01
1.250594765080098e-04 9.998749405234938e-01
5.672257966799384e-05 9.999432774203306e-01
9.897630796698179e-04 9.990102369203320e-01
8.372271588941944e-04 9.991627728411070e-01
1.113119944656019e-04 9.998886880055347e-01
4.168391156148081e-04 9.995831608843829e-01
2.919200320427096e-04 9.997080799679557e-01
8.347919152246893e-04 9.991652080847754e-01
9.249217045247454e-04 9.990750782954749e-01
7.437536802756852e-04 9.992562463197274e-01
2.056637684337123e-04 9.997943362315649e-01
9.962222479793382e-04 9.990037777520172e-01
2.493578648128084e-04 9.997506421351869e-01
9.504279481870135e-04 9.990495720518123e-01
8.103107632816005e-04 9.991896892367197e-01
9.493532399186270e-04 9.990506467600822e-01
1.453746336819834e-04 9.998546253663184e-01
9.088199406909872e-04 9.990911800593075e-01
4.367454764994911e-04 9.995632545234991e-01
8.597290752340150e-04 9.991402709247685e-01
7.958089318555669e-04 9.992041910681435e-01
2.210536912505178e-04 9.997789463087495e-01
9.031004175643956e-04 9.990968995824350e-01
7.551792122006197e-04 9.992448207878003e-01
7.613079243144576e-05 9.999238692075694e-01
8.891012282249140e-04 9.991108987717741e-01
6.704143252188397e-04 9.993295856747795e-01
5.199758681237314e-04 9.994800241318756e-01
5.467270885115273e-04 9.994532729114873e-01
1.435075092635981e-04 9.998564924907350e-01
8.569188489858267e-04 9.991430811510135e-01
2.548321207798683e-04 9.997451678792200e-01
5.159092415686664e-04 9.994840907584320e-01
2.812098820306010e-04 9.997187901179709e-01
5.117912960231760e-04 9.994882087039767e-01
3.859493369807796e-04 9.996140506630187e-01
1.317167376368699e-04 9.998682832623629e-01
7.797455383613914e-04 9.992202544616383e-01
2.977941970281536e-05 9.999702205802982e-01
9.378124066611283e-04 9.990621875933392e-01
3.448703501149963e-04 9.996551296498870e-01
7.043788138954266e-04 9.992956211861017e-01
5.725138686019370e-04 9.994274861313973e-01
3.550758308739520e-05 9.999644924169130e-01
2.527119001700660e-04 9.997472880998306e-01
5.798180445317225e-04 9.994201819554676e-01
8.999120240863543e-04 9.991000879759115e-01
2.633115488339956e-04 9.997366884511653e-01
3.047983170504411e-04 9.996952016829492e-01
5.821164707490547e-04 9.994178835292520e-01
6.785354109022525e-05 9.999321464589126e-01
3.197693764626182e-04 9.996802306235398e-01
9.818775012672381e-04 9.990181224987325e-01
3.622457126946665e-04 9.996377542873061e-01
9.049853944236648e-04 9.990950146055759e-01
5.727589662443299e-04 9.994272410337569e-01
6.346258469350211e-04 9.993653741530634e-01
6.369561703727935e-04 9.993630438296274e-01
5.076089715737691e-04 9.994923910284275e-01
8.011880094230627e-04 9.991988119905764e-01
4.112916735793055e-04 9.995887083264228e-01
4.415836003084790e-04 9.995584163996907e-01
4.528284992383956e-04 9.995471715007626e-01
3.774931828460251e-04 9.996225068171547e-01
5.133392114359448e-04 9.994866607885654e-01
2.721595013246892e-05 9.999727840498690e-01
7.247157768155735e-04 9.992752842231837e-01
9.894090758973324e-04 9.990105909241034e-01
7.227030113543673e-04 9.992772969886450e-01
6.044131838890395e-04 9.993955868161090e-01
7.809793744133306e-04 9.992190206255874e-01
6.216760146984624e-04 9.993783239853051e-01
7.792382715674734e-04 9.992207617284314e-01
4.831969874283392e-04 9.995168030125717e-01
9.153029160875666e-04 9.990846970839123e-01
3.750640372364175e-04 9.996249359627642e-01
1.120858329601446e-04 9.998879141670384e-01
1.619225597773032e-04 9.998380774402237e-01
6.117456764273236e-04 9.993882543235756e-01
3.417105653884671e-04 9.996582894346119e-01
3.173281238855883e-04 9.996826718761154e-01
3.468433767352200e-04 9.996531566232633e-01
4.386371225890753e-04 9.995613628774104e-01
1.788247044924069e-04 9.998211752955077e-01
5.283868045986610e-04 9.994716131954028e-01
1.079332533720926e-04 9.998920667466290e-01
6.313232704051345e-04 9.993686767295930e-01
8.677020952610597e-04 9.991322979047378e-01
5.254724030474382e-04 9.994745275969520e-01
6.128415273936060e-04 9.993871584726067e-01
4.309977283121135e-04 9.995690022716873e-01
8.503529309560417e-05 9.999149647069061e-01
5.672309521261948e-04 9.994327690478753e-01
8.985428356970765e-04 9.991014571643031e-01
5.722550397055598e-04 9.994277449602946e-01
6.191515536504253e-04 9.993808484463513e-01
1.368477824739039e-04 9.998631522175278e-01
2.881076236598590e-04 9.997118923763402e-01
8.242428832892281e-04 9.991757571167107e-01
4.514834405105273e-04 9.995485165594882e-01
5.394229736795180e-04 9.994605770263179e-01
8.316938118401508e-06 9.999916830618790e-01
6.730007655049163e-04 9.993269992344955e-01
4.580327203193861e-05 9.999541967279695e-01
3.482603623583228e-04 9.996517396376405e-01
3.648964639228367e-04 9.996351035360788e-01
8.252503840315945e-04 9.991747496159704e-01
8.396892046345462e-04 9.991603107953668e-01
6.612561425502340e-04 9.993387438574513e-01
2.949573550377172e-04 9.997050426449635e-01
5.245985713298797e-04 9.994754014286701e-01
6.146490718347984e-04 9.993853509281641e-01
7.276693217111816e-04 9.992723306782899e-01
1.283747523463080e-04 9.998716252476534e-01
5.843512275285641e-04 9.994156487724728e-01
7.008222744743316e-04 9.992991777255255e-01
1.000166703247054e-03 9.989998332967505e-01
7.197948629515293e-04 9.992802051370504e-01
7.122981744761648e-04 9.992877018255248e-01
3.351700072484206e-04 9.996648299927519e-01
9.987179758620573e-04 9.990012820241378e-01
7.570428434288980e-05 9.999242957156572e-01
5.652998100140244e-04 9.994347001899884e-01
4.263059266859028e-04 9.995736940733146e-01
1.047833998985164e-04 9.998952166001031e-01
7.539121039153287e-04 9.992460878960842e-01
2.781970682162450e-04 9.997218029317833e-01
3.416239782069866e-04 9.996583760217949e-01
4.460682745519306e-04 9.995539317254468e-01
9.463837921138565e-04 9.990536162078861e-01
4.128024908064975e-04 9.995871975091917e-01
3.355319268002068e-04 9.996644680732022e-01
4.837878465863591e-05 9.999516212153453e-01
2.014833595704386e-04 9.997985166404315e-01
2.381812397601084e-04 9.997618187602390e-01
7.954201893264580e-04 9.992045798106727e-01
8.561154595175681e-04 9.991438845404799e-01
8.256279247170560e-04 9.991743720752814e-01
9.174123256245477e-04 9.990825876743730e-01
5.967985262002665e-04 9.994032014738031e-01
1.203372323136285e-04 9.998796627676877e-01
8.923160748139160e-04 9.991076839251867e-01
7.205665506206276e-04 9.992794334493812e-01
3.212183515432409e-04 9.996787816484547e-01
2.134591366066047e-04 9.997865408633949e-01
6.747475068476283e-04 9.993252524931530e-01
2.750465852204585e-04 9.997249534147800e-01
4.370514535471731e-04 9.995629485464523e-01
7.494263970372836e-04 9.992505736029617e-01
8.643342486529462e-04 9.991356657513457e-01
4.102479355270314e-04 9.995897520644732e-01
4.259036652305109e-04 9.995740963347720e-01
2.646438659413150e-04 9.997353561340587e-01
5.649124091134692e-04 9.994350875908853e-01
2.184876049615323e-04 9.997815123950384e-01
3.052562363459491e-04 9.996947437636547e-01
8.762658910012202e-04 9.991237341089981e-01
1.168285440405194e-04 9.998831714559580e-01
9.387769866948914e-04 9.990612230133032e-01
7.693455552940005e-05 9.999230654444720e-01
6.142612508077703e-04 9.993857387491939e-01
6.481979945980588e-04 9.993518020054041e-01
2.942088031355038e-04 9.997057911968650e-01
6.904496527898070e-04 9.993095503472086e-01
2.604045014441279e-04 9.997395954985587e-01
9.561736561896122e-04 9.990438263438103e-01
5.565585200039189e-04 9.994434414799961e-01
5.447946163679915e-05 9.999455205383629e-01
5.459730290677591e-04 9.994540269709323e-01
5.055669771391638e-05 9.999494433022856e-01
2.177445387071810e-04 9.997822554612893e-01
3.280291522040987e-04 9.996719708477951e-01
1.592137704967612e-05 9.999840786229510e-01
9.805780079089124e-04 9.990194219920907e-01
4.321130678288735e-04 9.995678869321707e-01
4.575259871663099e-04 9.995424740128321e-01
1.635362875228386e-04 9.998364637124768e-01
9.560955263154877e-04 9.990439044736869e-01
5.139935350874729e-04 9.994860064649096e-01
3.213862671360925e-04 9.996786137328625e-01
3.192325177805594e-04 9.996807674822213e-01
1.003450661913921e-03 9.989965493380863e-01
2.553441442664828e-04 9.997446558557344e-01
4.122347238306799e-04 9.995877652761672e-01
3.023334353095013e-04 9.996976665646902e-01
7.768802187611396e-05 9.999223119781242e-01
9.187646974588995e-04 9.990812353025404e-01
3.447971734274386e-04 9.996552028265738e-01
3.486176349948977e-05 9.999651382365013e-01
2.495319698264212e-04 9.997504680301741e-01
8.215373738216324e-04 9.991784626261800e-01
6.671620159485720e-04 9.993328379840515e-01
7.023690833001171e-04 9.992976309167013e-01
6.092708442078521e-04 9.993907291557930e-01
6.055060304161244e-05 9.999394493969577e-01
8.547519975585157e-04 9.991452480024428e-01
6.788941077363319e-05 9.999321105892245e-01
6.299648370143661e-04 9.993700351629859e-01
6.237361905378600e-05 9.999376263809435e-01
8.864814186005157e-04 9.991135185814026e-01
8.722033950443982e-04 9.991277966049535e-01
1.832421068619257e-04 9.998167578931419e-01
5.486866240319596e-04 9.994513133759694e-01
9.737173059537729e-04 9.990262826940446e-01
4.196045442197476e-04 9.995803954557804e-01
1.412989223291784e-04 9.998587010776729e-01
4.396501325752844e-04 9.995603498674238e-01
2.274619571126331e-04 9.997725380428875e-01
3.579736294206129e-04 9.996420263705775e-01
5.354426240602132e-04 9.994645573759388e-01
9.387674931970424e-04 9.990612325068036e-01
7.500471387184406e-04 9.992499528612808e-01
1.003765464883444e-03 9.989962345351149e-01
9.026244731069360e-04 9.990973755268943e-01
6.636359527602232e-04 9.993363640472402e-01
5.411778384079205e-04 9.994588221615898e-01
3.278042477237536e-04 9.996721957522803e-01
8.414108797077602e-04 9.991585891202911e-01
4.772022617629733e-04 9.995227977382370e-01
7.010450278908828e-04 9.992989549721081e-01
6.232528094721414e-04 9.993767471905265e-01
3.547576497754175e-04 9.996452423502269e-01
3.648480856336790e-04 9.996351519143645e-01
4.629768767195954e-04 9.995370231232781e-01
2.937408472669506e-04 9.997062591527333e-01
3.947724209401718e-04 9.996052275790617e-01
6.354394229809895e-04 9.993645605770182e-01
6.350996136333731e-04 9.993649003863672e-01
2.667756162178457e-04 9.997332243837860e-01
6.515074317782108e-04 9.993484925682206e-01
7.536945979334088e-04 9.992463054020683e-01
6.937933719590155e-04 9.993062066280421e-01
6.925824735181284e-04 9.993074175264827e-01
1.249279095313141e-04 9.998750720904680e-01
1.987094348071476e-04 9.998012905651920e-01
5.071617196922315e-04 9.994928382803097e-01
8.523580068657125e-04 9.991476419931330e-01
3.486652110568522e-04 9.996513347889420e-01
3.873345313455859e-04 9.996126654686566e-01
1.262695432769765e-04 9.998737304567216e-01
4.909273439593608e-04 9.995090726560435e-01
3.420155713110141e-04 9.996579844286899e-01
4.846078339514657e-04 9.995153921660482e-01
9.861429233379664e-04 9.990138570766630e-01
6.938800625908209e-04 9.993061199374091e-01
8.523544843730707e-04 9.991476455156302e-01
6.225557238945313e-05 9.999377444276093e-01
3.631448337407636e-04 9.996368551662579e-01
5.522285357158300e-05 9.999447771464270e-01
6.355182813074878e-04 9.993644817186954e-01
8.538032536180232e-05 9.999146196746382e-01
2.866647132565527e-04 9.997133352867420e-01
9.337354673658424e-04 9.990662645326351e-01
6.263326081439817e-04 9.993736673918556e-01
8.117991379717424e-04 9.991882008620305e-01
3.748265156095897e-04 9.996251734843913e-01
4.175379936093610e-04 9.995824620063909e-01
8.144745270843886e-04 9.991855254729194e-01
3.967727241243217e-04 9.996032272758740e-01
9.116669318532499e-05 9.999088333068127e-01
5.330487160565382e-04 9.994669512839416e-01
9.690316043816556e-04 9.990309683956176e-01
9.600303499392414e-05 9.999039969650071e-01
7.987694899782626e-04 9.992012305100221e-01
6.352733811706344e-04 9.993647266188299e-01
3.190445710344358e-04 9.996809554289635e-01
4.092261275120272e-05 9.999590773872506e-01
3.156066584847380e-04 9.996843933415154e-01
2.869450610358933e-04 9.997130549389623e-01
7.233643213097751e-05 9.999276635678662e-01
1.058857799585654e-05 9.999894114220058e-01
7.993064619359063e-04 9.992006935380656e-01
6.718002473546718e-04 9.993281997526473e-01
5.818454120371823e-04 9.994181545879626e-01
8.454429908795218e-04 9.991545570091185e-01
6.158011230808041e-04 9.993841988769201e-01
8.242467777170612e-04 9.991757532222831e-01
6.161230901841097e-04 9.993838769098148e-01
1.805606867190608e-04 9.998194393132820e-01
3.743454152629371e-04 9.996256545847368e-01
3.577100481310866e-04 9.996422899518680e-01
6.737577537394384e-04 9.993262422462601e-01
8.349729945367503e-04 9.991650270054647e-01
7.233203144887318e-04 9.992766796855089e-01
7.715482590792693e-04 9.992284517409213e-01
1.705763973797516e-04 9.998294236026227e-01
9.369720845890581e-04 9.990630279154116e-01
1.083975902984040e-04 9.998916024096985e-01
3.446496271075016e-04 9.996553503728919e-01
9.572446128351076e-04 9.990427553871685e-01
2.982587956835575e-04 9.997017412043162e-01
1.596362313019684e-04 9.998403637686971e-01
3.077915809755170e-04 9.996922084190223e-01
6.964573895457623e-04 9.993035426104523e-01
6.080148290236943e-04 9.993919851709754e-01
7.930187989835440e-04 9.992069812010170e-01
4.203525627507556e-06 9.999957964743715e-01
5.672536901631114e-04 9.994327463098364e-01
7.081211430010189e-04 9.992918788569998e-01
7.859713041005797e-04 9.992140286959008e-01
7.105341706478841e-04 9.992894658293523e-01
7.552669451958509e-04 9.992447330548047e-01
6.019621733861646e-04 9.993980378266112e-01
8.933882899093067e-04 9.991066117100923e-01
9.550471105188918e-04 9.990449528894798e-01
5.302755724213252e-04 9.994697244275748e-01
1.278706977411940e-04 9.998721293022590e-01
8.547500748000080e-04 9.991452499251988e-01
9.076837240419317e-04 9.990923162759568e-01
6.268897865198331e-04 9.993731102134813e-01
2.093737219045422e-04 9.997906262780933e-01
9.204912668253247e-04 9.990795087331733e-01
3.968355272749051e-04 9.996031644727266e-01
9.672977326332987e-04 9.990327022673667e-01
5.411538644430540e-04 9.994588461355577e-01
1.004894943110144e-04 9.998995105056884e-01
8.788782158216130e-04 9.991211217841774e-01
4.842359187081606e-04 9.995157640812916e-01
6.937625798923246e-04 9.993062374201083e-01
1.668428043086862e-04 9.998331571956908e-01
8.243337746368811e-04 9.991756662253628e-01
3.333423034196335e-04 9.996666576965797e-01
6.718261487500455e-04 9.993281738512502e-01
4.952375568296947e-04 9.995047624431720e-01
3.392761621442340e-04 9.996607238378546e-01
5.301749396802530e-04 9.994698250603190e-01
4.297750384433581e-05 9.999570224961529e-01
4.244790544480112e-04 9.995755209455517e-01
7.906383379962135e-04 9.992093616620061e-01
7.833706747972976e-04 9.992166293252011e-01
8.196645968427919e-04 9.991803354031561e-01
2.053157209664997e-04 9.997946842790320e-01
6.946569565749220e-05 9.999305343043424e-01
6.615376714060486e-04 9.993384623285926e-01
6.224010421133201e-04 9.993775989578882e-01
2.277400778557802e-04 9.997722599221430e-01
1.529122652407860e-04 9.998470877347594e-01
9.342288552623787e-04 9.990657711447384e-01
2.196424575755422e-04 9.997803575424261e-01
5.714736006723808e-04 9.994285263993260e-01
4.351489022590253e-04 9.995648510977414e-01
9.320355352195418e-04 9.990679644647787e-01
9.680922027768227e-04 9.990319077972242e-01
7.125176800292888e-04 9.992874823199710e-01
7.999996199487537e-04 9.992000003800544e-01
4.133906736788982e-04 9.995866093263199e-01
4.961457584840519e-04 9.995038542415164e-01
8.979471052759164e-04 9.991020528947240e-01
8.045172971112535e-04 9.991954827028879e-01
2.989637836149302e-04 9.997010362163850e-01
2.479508947288228e-04 9.997520491052726e-01
1.689077837356697e-04 9.998310922162648e-01
9.983384025672611e-04 9.990016615974315e-01
8.031395771759091e-04 9.991968604228230e-01
8.199342375381078e-04 9.991800657624612e-01
5.479878869080003e-04 9.994520121130912e-01
2.886979170206971e-04 9.997113020829788e-01
6.718981798591647e-04 9.993281018201388e-01
6.264606299705625e-04 9.993735393700289e-01
8.875140765887700e-04 9.991124859234095e-01
9.044256282610589e-04 9.990955743717381e-01
9.456438020967773e-05 9.999054356197907e-01
2.238122118140791e-04 9.997761877881856e-01
6.100670848504442e-04 9.993899329151491e-01
6.957976919574928e-05 9.999304202308049e-01
1.363497333395192e-04 9.998636502666595e-01
3.638862359896676e-04 9.996361137640102e-01
7.348888455783992e-04 9.992651111544230e-01
3.576172705450219e-04 9.996423827294554e-01
2.587907335291087e-04 9.997412092664697e-01
4.449714010735862e-04 9.995550285989281e-01
9.338807924157222e-04 9.990661192075866e-01
6.117210657523251e-04 9.993882789342459e-01
9.835410798960176e-04 9.990164589201050e-01
8.902341516152930e-04 9.991097658483843e-01
9.425482797038629e-04 9.990574517202965e-01
9.977775780562169e-04 9.990022224219460e-01
5.682093101111635e-04 9.994317906898900e-01
7.941656924471155e-04 9.992058343075522e-01
5.101182808683935e-04 9.994898817191312e-01
2.591415860477296e-04 9.997408584139523e-01
4.488842332354864e-04 9.995511157667649e-01
4.286346322013453e-04 9.995713653678009e-01
7.662199839335776e-04 9.992337800160677e-01
8.142407046313340e-04 9.991857592953677e-01
6.051715268980842e-04 9.993948284731025e-01
5.299010961104344e-05 9.999470098903869e-01
6.130938691675627e-04 9.993869061308328e-01
5.478777561609271e-04 9.994521222438387e-01
8.822563230951679e-04 9.991177436769023e-01
1.252187672582336e-04 9.998747812327410e-01
7.218017538509318e-04 9.992781982461472e-01
3.123893901310044e-04 9.996876106098709e-01
9.548247928004023e-04 9.990451752072018e-01
2.298061108540449e-04 9.997701938891452e-01
2.306749814380881e-04 9.997693250185619e-01
7.048249313289127e-04 9.992951750686713e-01
4.368364756868674e-05 9.999563163524277e-01
4.580986500527748e-04 9.995419013499452e-01
8.450083804554835e-04 9.991549916195465e-01
8.129805999809665e-04 9.991870194000194e-01
1.356993775257910e-04 9.998643006224744e-01
2.289306434245863e-04 9.997710693565744e-01
4.727992859438392e-04 9.995272007140579e-01
2.186344169759933e-04 9.997813655830220e-01
6.419527041577450e-04 9.993580472958430e-01
4.398320346798956e-04 9.995601679653200e-01
8.801453783132810e-04 9.991198546216878e-01
8.571857974265698e-04 9.991428142025718e-01
6.057050656159704e-04 9.993942949343856e-01
1.000232482236189e-04 9.998999767517760e-01
9.658451267301181e-04 9.990341548732689e-01
9.032767987437060e-04 9.990967232012554e-01
7.796561376727930e-04 9.992203438623265e-01
2.678983409305524e-04 9.997321016590670e-01
4.184618265388748e-04 9.995815381734592e-01
4.478889570535196e-04 9.995521110429472e-01
5.470122723620604e-04 9.994529877276362e-01
8.940165361526167e-04 9.991059834638456e-01
5.511499681298018e-04 9.994488500318703e-01
4.215827343714644e-04 9.995784172656282e-01
5.438611091283602e-04 9.994561388908733e-01
8.179893656427813e-04 9.991820106343573e-01
8.058851571090367e-04 9.991941148428948e-01
2.146431664271598e-05 9.999785356833581e-01
5.309203434665448e-05 9.999469079656551e-01
4.379088885050703e-04 9.995620911114962e-01
4.320376898573182e-04 9.995679623101451e-01
4.770827538486857e-05 9.999522917246146e-01
4.731646719482990e-04 9.995268353280510e-01
7.058583299808307e-04 9.992941416700190e-01
1.919291238278778e-04 9.998080708761745e-01
1.059343635492198e-04 9.998940656364491e-01
1.812607476453243e-04 9.998187392523524e-01
8.226966083806833e-04 9.991773033916197e-01
7.112637456692962e-04 9.992887362543288e-01
9.242836343919247e-04 9.990757163656085e-01
5.838829077502610e-04 9.994161170922529e-01
1.260636552426359e-04 9.998739363447556e-01
6.736060131230392e-04 9.993263939868754e-01
4.933078811596861e-04 9.995066921188405e-01
9.595837112965054e-04 9.990404162887034e-01
8.211441595876184e-04 9.991788558404111e-01
8.942130750132984e-05 9.999105786924969e-01
7.254019445630368e-04 9.992745980554417e-01
7.888108488712941e-04 9.992111891511289e-01
4.308761146168980e-04 9.995691238853832e-01
1.295080163201166e-04 9.998704919836802e-01
2.385360659477428e-04 9.997614639340527e-01
3.873797425163320e-05 9.999612620257498e-01
6.378446662585933e-05 9.999362155333735e-01
5.796252692433741e-04 9.994203747307568e-01
2.491434355910382e-04 9.997508565644113e-01
2.079887287816276e-04 9.997920112712174e-01
8.101273812043618e-04 9.991898726187953e-01
6.021714254721226e-04 9.993978285745289e-01
1.277657991160006e-04 9.998722342008858e-01
9.373347082396428e-04 9.990626652917607e-01
4.357192010847444e-04 9.995642807989155e-01
9.090596947802489e-04 9.990909403052216e-01
3.031535768772835e-04 9.996968464231246e-01
9.832413477201804e-05 9.999016758652294e-01
2.681146679756787e-05 9.999731885332021e-01
7.720544273376747e-04 9.992279455726611e-01
9.936713361849074e-04 9.990063286638153e-01
9.545004420587260e-04 9.990454995579401e-01
7.016082135463286e-04 9.992983917864543e-01
2.624657772848729e-04 9.997375342227179e-01
3.696661589389952e-05 9.999630333841086e-01
3.420765727109933e-04 9.996579234272903e-01
6.767333786748940e-04 9.993232666213233e-01
9.567823976648451e-04 9.990432176023356e-01
6.909098743043380e-05 9.999309090125722e-01
9.767930924276889e-04 9.990232069075722e-01
9.910665440505206e-04 9.990089334559507e-01
1.926679516670371e-04 9.998073320483336e-01
8.523072576655592e-04 9.991476927423353e-01
8.481243332627123e-04 9.991518756667374e-01
2.803968090622890e-05 9.999719603190926e-01
4.676899838587705e-04 9.995323100161414e-01
9.272010828305773e-04 9.990727989171687e-01
3.713606893692572e-04 9.996286393106304e-01
5.901331545766594e-04 9.994098668454234e-01
9.554825848076737e-04 9.990445174151952e-01
9.930752707922430e-04 9.990069247292083e-01
7.133065348902531e-05 9.999286693465107e-01
8.731512402831140e-04 9.991268487597158e-01
7.133545377369881e-04 9.992866454622638e-01
9.404228334583082e-04 9.990595771665413e-01
5.602148993374078e-05 9.999439785100630e-01
3.236825219749974e-06 9.999967631747821e-01
3.257652124094695e-04 9.996742347875923e-01
5.424684661700993e-04 9.994575315338299e-01
4.073592133238254e-04 9.995926407866771e-01
6.892808714716551e-04 9.993107191285286e-01
5.510918879266941e-04 9.994489081120729e-01
3.019469698363346e-06 9.999969805303018e-01
1.037493558168216e-05 9.999896250644180e-01
6.934895147890524e-04 9.993065104852102e-01
4.114970984121341e-04 9.995885029015882e-01
2.304535296830052e-04 9.997695464703179e-01
9.603104720057921e-04 9.990396895279928e-01
9.812382021026039e-04 9.990187617978996e-01
7.880450671051455e-04 9.992119549328975e-01
8.551482404338508e-04 9.991448517595681e-01
1.362104794119732e-04 9.998637895205860e-01
2.224993312522226e-04 9.997775006687479e-01
8.695204514784367e-04 9.991304795485197e-01
9.414789189863208e-04 9.990585210810173e-01
1.920669237163609e-05 9.999807933076292e-01
4.150490534696839e-04 9.995849509465304e-01
7.829472187070909e-04 9.992170527812922e-01
2.210926514028370e-04 9.997789073485979e-01
8.017243774779408e-04 9.991982756225227e-01
3.359273322850250e-04 9.996640726677155e-01
5.843389982887701e-04 9.994156610017090e-01
4.763851499294961e-04 9.995236148500716e-01
4.171463314883654e-04 9.995828536685094e-01
7.949419897942251e-04 9.992050580102056e-01
6.062079297990053e-04 9.993937920701998e-01
7.341282565829061e-04 9.992658717434154e-01
1.692501089095748e-04 9.998307498910936e-01
2.393792652836314e-04 9.997606207347149e-01
4.385541319560678e-04 9.995614458680446e-01
6.862330520528040e-04 9.993137669479487e-01
9.662583095902701e-04 9.990337416904094e-01
8.423109590460104e-04 9.991576890409540e-01
4.399489086619453e-04 9.995600510913391e-01
9.703973445859171e-04 9.990296026554141e-01
7.909169978570147e-04 9.992090830021441e-01
9.606799135707144e-04 9.990393200864319e-01
3.083994745219962e-04 9.996916005254789e-01
5.350300110846218e-04 9.994649699889173e-01
1.401249489628830e-04 9.998598750510374e-01
2.179232758296693e-04 9.997820767241693e-01
2.845906896877642e-06 9.999971540931006e-01
9.239410697629190e-04 9.990760589302367e-01
1.943612593825718e-04 9.998056387406175e-01
3.548506402812739e-04 9.996451493597194e-01
1.496278123377565e-04 9.998503721876613e-01
4.983209513328945e-04 9.995016790486663e-01
3.119481190664880e-04 9.996880518809356e-01
2.029440925102033e-04 9.997970559074878e-01
2.145704870454265e-04 9.997854295129540e-01
8.626764557465468e-04 9.991373235442552e-01
3.960284750280740e-04 9.996039715249729e-01
7.977325227499479e-04 9.992022674772495e-01
2.248752252698829e-04 9.997751247747312e-01
9.652160661563729e-04 9.990347839338420e-01
1.648136149318622e-04 9.998351863850680e-01
2.350431882760163e-05 9.999764956811725e-01
7.995925268343091e-05 9.999200407473162e-01
3.615606047972565e-04 9.996384393951991e-01
9.089238839672215e-04 9.990910761160314e-01
6.884418293570838e-04 9.993115581706417e-01
2.346624055002035e-04 9.997653375944983e-01
3.446201823970359e-04 9.996553798176032e-01
6.858362013407069e-04 9.993141637986597e-01
4.105684599076416e-04 9.995894315400933e-01
7.006220851088779e-04 9.992993779148920e-01
3.692250245303803e-04 9.996307749754679e-01
5.433446595062801e-04 9.994566553404938e-01
6.798423291907928e-04 9.993201576708106e-01
3.431477321778085e-04 9.996568522678242e-01
8.473750697029808e-04 9.991526249302978e-01
9.133738451689478e-04 9.990866261548308e-01
3.811182969760329e-04 9.996188817030229e-01
5.213974139669513e-04 9.994786025860324e-01
4.092262908611998e-04 9.995907737091403e-01
7.357065550639453e-04 9.992642934449379e-01
9.651539030399147e-04 9.990348460969584e-01
2.708246167609550e-04 9.997291753832405e-01
3.132021315297633e-04 9.996867978684684e-01
3.469249048381223e-04 9.996530750951639e-01
6.389174252753823e-04 9.993610825747242e-01
4.506368348636256e-04 9.995493631651368e-01
1.237268583978288e-05 9.999876273141597e-01
4.679676658957633e-04 9.995320323341027e-01
6.712927838862915e-04 9.993287072161141e-01
8.550920620174397e-04 9.991449079379806e-01
5.383668880211370e-04 9.994616331119793e-01
4.372775998088731e-04 9.995627224001913e-01
1.775293188538329e-04 9.998224706811468e-01
8.147055057886202e-04 9.991852944942147e-01
3.699154020962693e-04 9.996300845979041e-01
6.255724216139883e-04 9.993744275783836e-01
9.644227687648963e-04 9.990355772312358e-01
3.430463578496844e-04 9.996569536421500e-01
7.914565666029007e-04 9.992085434333980e-01
7.997585974811757e-04 9.992002414025186e-01
2.505107892843849e-04 9.997494892107153e-01
9.310292230927396e-04 9.990689707769065e-01
2.571331553004464e-04 9.997428668446989e-01
1.515005613706268e-04 9.998484994386336e-01
8.190203803935158e-04 9.991809796196062e-01
6.102721845374799e-04 9.993897278154631e-01
7.134888271726591e-04 9.992865111728286e-01
4.087869634959413e-04 9.995912130365048e-01
3.981540358940483e-04 9.996018459641084e-01
7.945356657915994e-05 9.999205464334188e-01
7.479171929163185e-04 9.992520828070819e-01
9.308495296794329e-04 9.990691504703219e-01
2.682007684612110e-04 9.997317992315381e-01
3.271840599715381e-04 9.996728159400283e-01
3.033444583319979e-04 9.996966555416682e-01
4.247305461317877e-04 9.995752694538709e-01
5.114564044627394e-04 9.994885435955393e-01
9.465610217070992e-04 9.990534389782940e-01
2.169725073378332e-04 9.997830274926585e-01
5.926526013856631e-04 9.994073473986136e-01
1.015003507752138e-04 9.998984996492237e-01
7.251818204753316e-04 9.992748181795258e-01
8.011866262750201e-04 9.991988133737265e-01
8.836227577083249e-04 9.991163772422913e-01
6.951228655356026e-04 9.993048771344641e-01
2.190146784171066e-04 9.997809853215820e-01
6.740746323861387e-04 9.993259253676137e-01
4.293189435020037e-04 9.995706810564990e-01
5.932670634437071e-04 9.994067329365569e-01
2.654367574417667e-05 9.999734563242535e-01
5.773442117280253e-04 9.994226557882731e-01
6.196639325574487e-04 9.993803360674411e-01
9.599961397271978e-05 9.999040003860280e-01
1.270267097297108e-04 9.998729732902698e-01
6.039007330589028e-04 9.993960992669396e-01
7.407344017226713e-04 9.992592655982785e-01
9.171052082363810e-04 9.990828947917629e-01
8.707561051785094e-04 9.991292438948225e-01
7.395530447224344e-04 9.992604469552763e-01
4.777894883466270e-04 9.995222105116572e-01
9.142065678535274e-04 9.990857934321468e-01
8.719380620601906e-04 9.991280619379411e-01
5.844637002718813e-04 9.994155362997292e-01
2.385688385674542e-04 9.997614311614342e-01
8.037151580352732e-04 9.991962848419617e-01
8.318710488740757e-04 9.991681289511261e-01
4.916517281541823e-04 9.995083482718490e-01
4.184001798613994e-04 9.995815998201406e-01
9.335167804170862e-04 9.990664832195855e-01
5.342351806130540e-04 9.994657648193856e-01
2.338737351789849e-04 9.997661262648204e-01
8.761904373883762e-04 9.991238095626117e-01
5.342281507634875e-04 9.994657718492364e-01
8.211835757973992e-05 9.999178816424215e-01
6.815829484359163e-04 9.993184170515613e-01
4.282583360932485e-04 9.995717416639065e-01
1.503628961978029e-04 9.998496371038014e-01
8.267413178840550e-04 9.991732586821133e-01
4.295677703824625e-04 9.995704322296161e-01
9.277069819741570e-04 9.990722930180258e-01
7.070355921804423e-04 9.992929644078193e-01
5.134236370633254e-05 9.999486576362925e-01
7.876640198003123e-04 9.992123359802009e-01
1.291225421189748e-04 9.998708774578816e-01
6.100646364746558e-05 9.999389935363533e-01
1.284698126651719e-05 9.999871530187345e-01
9.475263337990531e-04 9.990524736661999e-01
8.483208359950974e-04 9.991516791640050e-01
6.807411017771568e-04 9.993192588982199e-01
7.232249313776475e-04 9.992767750686213e-01
7.463614938801525e-07 9.999992536385078e-01
8.043293484113498e-04 9.991956706515872e-01
5.485438984514818e-04 9.994514561015458e-01
1.455999317985336e-04 9.998544000682000e-01
5.702238543833552e-04 9.994297761456183e-01
1.899714437313517e-04 9.998100285562689e-01
2.319034839656327e-04 9.997680965160339e-01
3.648842174491775e-04 9.996351157825516e-01
2.030709599758618e-04 9.997969290400263e-01
8.988291250566546e-04 9.991011708749424e-01
4.529857722425511e-04 9.995470142277568e-01
8.904979149468983e-04 9.991095020850547e-01
4.365452512424052e-04 9.995634547487583e-01
1.265908259375545e-04 9.998734091740611e-01
8.955269694398637e-04 9.991044730305604e-01
7.845586747764884e-04 9.992154413252217e-01
9.331430630406828e-04 9.990668569369592e-01
7.928158735273225e-04 9.992071841264732e-01
9.360658602104915e-04 9.990639341397910e-01
3.510660258667066e-04 9.996489339741338e-01
6.438559282671746e-04 9.993561440717345e-01
3.717793513252425e-04 9.996282206486753e-01
4.826710094926534e-04 9.995173289905068e-01
2.538326178190506e-05 9.999746167382177e-01
7.312645503447425e-06 9.999926873544958e-01
7.459642122450816e-04 9.992540357877541e-01
8.830101664954088e-04 9.991169898335052e-01
9.006565202933594e-04 9.990993434797067e-01
6.273428050126193e-04 9.993726571949867e-01
2.617285345781354e-04 9.997382714654215e-01
5.842752413596644e-04 9.994157247586389e-01
7.384971141136421e-04 9.992615028858903e-01
5.323137878845479e-04 9.994676862121170e-01
5.707970177196763e-04 9.994292029822769e-01
2.857930071077466e-04 9.997142069928938e-01
4.853273884657315e-04 9.995146726115341e-01
7.083178320646230e-04 9.992916821679361e-01
4.513572923286006e-04 9.995486427076711e-01
1.524921584755981e-04 9.998475078415230e-01
9.122767036486149e-04 9.990877232963541e-01
7.608036352295660e-04 9.992391963647718e-01
5.383749429948417e-04 9.994616250570065e-01
4.277601589186515e-04 9.995722398410828e-01
3.736415065079729e-04 9.996263584934910e-01
5.580308459809476e-04 9.994419691540198e-01
4.470849254165820e-04 9.995529150745852e-01
8.239382840982756e-05 9.999176061715912e-01
6.938321958798563e-04 9.993061678041218e-01
1.793070268587689e-04 9.998206929731430e-01
5.421331424328581e-04 9.994578668575671e-01
6.471667294917042e-05 9.999352833270514e-01
3.666006758006997e-04 9.996333993241984e-01
2.853380792134726e-04 9.997146619207851e-01
7.393409397190679e-04 9.992606590602805e-01
1.925536358881050e-04 9.998074463641126e-01
9.557712494300319e-04 9.990442287505710e-01
3.750834014379256e-04 9.996249165985643e-01
6.835166824847931e-04 9.993164833175153e-01
1.548571793235435e-04 9.998451428206756e-01
3.097123660949725e-04 9.996902876339071e-01
3.491160826003160e-04 9.996508839173986e-01
4.890533457419054e-04 9.995109466542621e-01
9.258479733707287e-04 9.990741520266301e-01
1.234494396656076e-04 9.998765505603359e-01
8.931253204697137e-04 9.991068746795314e-01
6.108660751321098e-04 9.993891339248682e-01
5.311597083061660e-04 9.994688402916921e-01
4.864129534262684e-04 9.995135870465747e-01
3.602460977671494e-04 9.996397539022339e-01
8.606134266932185e-04 9.991393865733053e-01
4.894262533319626e-04 9.995105737466690e-01
9.083104159509362e-05 9.999091689584034e-01
2.613337069904125e-04 9.997386662930087e-01
4.359251267550683e-04 9.995640748732446e-01
9.708401381064200e-04 9.990291598618961e-01
3.774046466981820e-05 9.999622595353282e-01
3.626298624622043e-04 9.996373701375388e-01
7.623808709568580e-04 9.992376191290429e-01
1.622665306770037e-04 9.998377334693205e-01
4.891779553293833e-04 9.995108220446671e-01
5.589894540009163e-04 9.994410105459979e-01
3.024698382270057e-04 9.996975301617742e-01
4.981990781562777e-04 9.995018009218433e-01
1.453626458859049e-04 9.998546373541165e-01
9.742481635623590e-04 9.990257518364392e-01
4.610896098473703e-04 9.995389103901546e-01
4.661160062995994e-04 9.995338839936988e-01
8.639714939185631e-04 9.991360285060813e-01
8.238527200737396e-04 9.991761472799268e-01
4.012984162706251e-04 9.995987015837281e-01
9.371473267939235e-04 9.990628526732090e-01
6.112571972397114e-04 9.993887428027600e-01
6.362430850582948e-04 9.993637569149426e-01
4.713154234232694e-04 9.995286845765773e-01
8.521193226149861e-04 9.991478806773860e-01
7.983685071428838e-04 9.992016314928567e-01
7.982208578235829e-04 9.992017791421789e-01
9.037201433264691e-04 9.990962798566708e-01
5.275093565422718e-04 9.994724906434573e-01
7.962709499837864e-04 9.992037290500176e-01
7.191793054109894e-04 9.992808206945892e-01
6.501621373597468e-04 9.993498378626418e-01
9.026272283743981e-04 9.990973727716236e-01
1.765902596837904e-04 9.998234097403155e-01
3.941704250225980e-04 9.996058295749772e-01
9.556447854323517e-04 9.990443552145659e-01
4.890495143020391e-04 9.995109504856953e-01
4.232643609733616e-04 9.995767356390257e-01
4.780634355023382e-04 9.995219365644982e-01
7.092118068639128e-04 9.992907881931384e-01
4.557089003615459e-04 9.995442910996395e-01
4.539416617838040e-04 9.995460583382160e-01
1.833825302917902e-04 9.998166174697077e-01
5.826717872118675e-04 9.994173282127872e-01
3.764049402299104e-04 9.996235950597692e-01
4.263482048776635e-04 9.995736517951223e-01
3.883873898639616e-05 9.999611612610125e-01
4.693843486628730e-04 9.995306156513371e-01
8.808824667241375e-04 9.991191175332745e-01
6.079962019905240e-04 9.993920037980090e-01
7.860661884179924e-04 9.992139338115800e-01
7.836831598813504e-06 9.999921631684020e-01
4.475940165810031e-04 9.995524059834181e-01
9.397778969462668e-04 9.990602221030539e-01
6.590913348069878e-04 9.993409086651954e-01
8.980594435967668e-04 9.991019405564049e-01
3.891005842129021e-04 9.996108994157892e-01
2.583665808750813e-04 9.997416334191243e-01
1.996412645221010e-04 9.998003587354808e-01
6.227756596050508e-04 9.993772243403956e-01
1.059273964327712e-04 9.998940726035666e-01
7.501772627396024e-04 9.992498227372624e-01
1.876427863256072e-05 9.999812357213684e-01
8.736519640526935e-04 9.991263480359485e-01
3.667664873146343e-04 9.996332335126865e-01
7.999945028347065e-04 9.992000054971658e-01
4.141424564549200e-04 9.995858575435466e-01
2.767873677427051e-04 9.997232126322579e-01
9.448247261959571e-04 9.990551752738046e-01
2.100488023425370e-04 9.997899511976575e-01
8.608065819654785e-04 9.991391934180326e-01
4.884997458488968e-04 9.995115002541524e-01
6.406920548145495e-04 9.993593079451878e-01
2.394219563762184e-04 9.997605780436257e-01
6.498184673839797e-04 9.993501815326157e-01
1.767925676119584e-04 9.998232074323896e-01
5.233438600599709e-05 9.999476656139973e-01
2.861211066922322e-04 9.997138788933093e-01
2.320940983187027e-04 9.997679059016782e-01
9.681194632869745e-04 9.990318805367131e-01
9.304504106905095e-04 9.990695495893126e-01
9.745007728382470e-04 9.990254992271627e-01
9.525239419800743e-04 9.990474760580197e-01
5.581383197654988e-04 9.994418616802306e-01
4.276796939434369e-05 9.999572320306030e-01
6.936697578255835e-04 9.993063302421744e-01
9.500404058517695e-06 9.999904995959454e-01
8.335596754816138e-04 9.991664403245181e-01
7.804068206981305e-04 9.992195931793019e-01
1.524568985554469e-04 9.998475431014452e-01
8.914721182980448e-04 9.991085278817015e-01
1.467735183798972e-04 9.998532264816183e-01
6.262378376866214e-04 9.993737621623145e-01
8.468206869281316e-05 9.999153179313074e-01
6.173238955946251e-04 9.993826761044013e-01
1.748215197000585e-04 9.998251784802986e-01
3.819722611810393e-05 9.999618027738822e-01
7.547310821022544e-04 9.992452689178986e-01
4.661172323798287e-04 9.995338827676177e-01
9.383236393427785e-04 9.990616763606534e-01
7.281972686024504e-04 9.992718027313968e-01
4.922269387812655e-04 9.995077730612184e-01
4.392845698973477e-04 9.995607154301008e-01
5.284870342962461e-04 9.994715129657026e-01
8.820146415636682e-04 9.991179853584371e-01
3.967159509642839e-05 9.999603284049059e-01
9.957918256376444e-04 9.990042081743619e-01
5.837952292245892e-04 9.994162047707776e-01
1.532801409738672e-04 9.998467198590247e-01
1.908370616555204e-04 9.998091629383449e-01
4.740611505613119e-04 9.995259388494367e-01
7.197659293427685e-04 9.992802340706572e-01
8.165896330577745e-04 9.991834103669427e-01
7.521672424851182e-04 9.992478327575172e-01
8.181964694868210e-04 9.991818035305136e-01
6.294173466280928e-04 9.993705826533746e-01
4.065634807924412e-04 9.995934365192060e-01
9.880592078693664e-04 9.990119407921315e-01
4.959121245094762e-04 9.995040878754913e-01
3.403632280595755e-05 9.999659636771948e-01
7.210586567242143e-04 9.992789413432751e-01
9.392357819526658e-04 9.990607642180469e-01
3.412836558243710e-04 9.996587163441750e-01
1.492742962263530e-04 9.998507257037742e-01
6.606620287600985e-04 9.993393379712409e-01
4.049078223315091e-04 9.995950921776711e-01
3.240867949349361e-04 9.996759132050647e-01
1.888126094331769e-04 9.998111873905695e-01
9.824321681494029e-04 9.990175678318496e-01
8.122195428512966e-06 9.999918778045702e-01
2.706549786167184e-04 9.997293450213841e-01
6.570432749831873e-04 9.993429567250149e-01
9.570195748172939e-04 9.990429804251836e-01
2.507143549750338e-04 9.997492856450250e-01
9.356612961983615e-04 9.990643387037996e-01
4.250119347458037e-04 9.995749880652557e-01
1.073530598901140e-04 9.998926469401068e-01
5.887790970875997e-04 9.994112209029135e-01
7.497148155458441e-04 9.992502851844515e-01
4.518899328938529e-04 9.995481100671071e-01
9.403431218941589e-04 9.990596568781041e-01
5.772669560845696e-04 9.994227330439143e-01
2.487685506717998e-04 9.997512314493281e-01
2.797127146478146e-04 9.997202872853528e-01
9.559198201877816e-04 9.990440801798109e-01
6.176158188841899e-04 9.993823841811172e-01
7.776804835599850e-04 9.992223195164375e-01
3.270824309267538e-04 9.996729175690734e-01
1.314284112472850e-05 9.999868571588767e-01
9.746429384560912e-04 9.990253570615433e-01
4.835854233205832e-04 9.995164145766804e-01
3.940525778613113e-04 9.996059474221383e-01
2.898180891798931e-06 9.999971018191101e-01
2.680692748259154e-04 9.997319307251739e-01
7.714261519486476e-04 9.992285738480521e-01
5.007558718885484e-04 9.994992441281132e-01
4.658683067564428e-04 9.995341316932437e-01
4.739331346565154e-04 9.995260668653433e-01
8.738172207157434e-04 9.991261827792816e-01
1.294100496926291e-04 9.998705899503053e-01
3.792581320400216e-04 9.996207418679607e-01
9.167864464213195e-04 9.990832135535777e-01
8.391606638008832e-04 9.991608393361981e-01
2.659452113663309e-04 9.997340547886371e-01
3.513708427641516e-05 9.999648629157234e-01
3.755490011622744e-04 9.996244509988360e-01
6.048153933714344e-04 9.993951846066280e-01
2.403358276366781e-04 9.997596641723620e-01
5.529445815523437e-05 9.999447055418469e-01
1.631479060648586e-04 9.998368520939364e-01
9.692582564157652e-04 9.990307417435866e-01
6.885886984584263e-04 9.993114113015419e-01
4.670645810658888e-04 9.995329354189328e-01
4.434871922390377e-04 9.995565128077604e-01
6.317387207933484e-04 9.993682612792050e-01
6.236008882813929e-04 9.993763991117199e-01
1.319954848582715e-04 9.998680045151429e-01
8.606111857803930e-04 9.991393888142194e-01
6.305807721474472e-04 9.993694192278526e-01
3.705913145845144e-04 9.996294086854155e-01
6.664736615604160e-04 9.993335263384415e-01
9.028864483743909e-04 9.990971135516244e-01
6.027190113767480e-04 9.993972809886226e-01
8.390878422154115e-04 9.991609121577838e-01
5.553526236335232e-04 9.994446473763667e-01
5.806650350284735e-04 9.994193349649702e-01
9.499036555410602e-04 9.990500963444585e-01
6.734169167005122e-05 9.999326583083267e-01
3.920773203663822e-04 9.996079226796344e-01
9.209973975943237e-04 9.990790026024072e-01
2.194517346150918e-04 9.997805482653846e-01
4.539064194403840e-05 9.999546093580528e-01
7.970613706590367e-04 9.992029386293401e-01
1.623827095186960e-04 9.998376172904823e-01
4.442778026869611e-05 9.999555722197299e-01
7.824176916765991e-04 9.992175823083225e-01
3.361173613670640e-04 9.996638826386338e-01
1.397130741319426e-04 9.998602869258655e-01
2.941095716250201e-04 9.997058904283752e-01
9.304105078251056e-04 9.990695894921764e-01
2.539263369929357e-04 9.997460736630078e-01
3.622753789550760e-04 9.996377246210457e-01
2.940009027529429e-04 9.997059990972494e-01
7.017920097029229e-04 9.992982079902958e-01
8.701781991791712e-04 9.991298218008194e-01
1.168254058115171e-04 9.998831745941891e-01
4.799109287456986e-04 9.995200890712534e-01
3.621033730587017e-04 9.996378966269377e-01
7.487351074856290e-04 9.992512648925161e-01
7.018322744591758e-04 9.992981677255410e-01
3.033136318082846e-04 9.996966863681904e-01
1.756601580051884e-04 9.998243398419934e-01
8.044478963127143e-04 9.991955521036855e-01
1.875663272396642e-04 9.998124336727613e-01
7.182640777207330e-05 9.999281735922303e-01
1.849439807225159e-04 9.998150560192780e-01
1.111294262493200e-04 9.998888705737511e-01
7.574142497403955e-05 9.999242585750271e-01
1.908212934173665e-04 9.998091787065825e-01
2.384253358772306e-04 9.997615746641221e-01
8.687495119953982e-04 9.991312504880024e-01
8.885255589911115e-04 9.991114744410085e-01
2.757054111534762e-05 9.999724294588865e-01
4.826810503323906e-04 9.995173189496683e-01
7.946578680067957e-05 9.999205342131998e-01
2.201697464842817e-04 9.997798302535184e-01
7.896458321184379e-04 9.992103541678792e-01
3.030936117292744e-04 9.996969063882727e-01
8.515674737877451e-04 9.991484325262137e-01
1.972639837402675e-04 9.998027360162591e-01
1.650750404911728e-04 9.998349249595077e-01
8.636480467936519e-04 9.991363519532058e-01
2.712882628418832e-04 9.997287117371564e-01
3.501965035815232e-04 9.996498034964202e-01
8.074908272204592e-04 9.991925091727806e-01
4.189050279410700e-04 9.995810949720583e-01
1.668717671233563e-04 9.998331282328764e-01
8.341615575795652e-04 9.991658384424215e-01
8.777476997195171e-04 9.991222523002817e-01
6.311938000384057e-04 9.993688061999614e-01
4.618938311354630e-05 9.999538106168860e-01
1.489071348431369e-04 9.998510928651544e-01
8.009623213540171e-04 9.991990376786486e-01
6.444342356215743e-05 9.999355565764390e-01
5.448594092363042e-04 9.994551405907628e-01
4.243874881338319e-04 9.995756125118660e-01
5.248975724473146e-04 9.994751024275524e-01
9.796785359341934e-04 9.990203214640661e-01
3.408953472088411e-04 9.996591046527933e-01
6.670783906958127e-04 9.993329216093066e-01
3.340104339936974e-04 9.996659895660043e-01
7.282623880888829e-04 9.992717376119093e-01
8.890276979332111e-05 9.999110972302075e-01
4.144260488488833e-04 9.995855739511512e-01
1.803278363776895e-04 9.998196721636241e-01
8.447260749605861e-04 9.991552739250382e-01
6.450286365682554e-04 9.993549713634304e-01
3.191993446861944e-04 9.996808006553147e-01
9.567409330825127e-04 9.990432590669179e-01
8.183733609082589e-04 9.991816266390903e-01
8.265189248663916e-04 9.991734810751338e-01
3.036681689404620e-04 9.996963318310610e-01
9.153965912777780e-04 9.990846034087233e-01
5.049983207607697e-04 9.994950016792392e-01
4.524858603022524e-04 9.995475141396960e-01
2.642683930978255e-04 9.997357316068988e-01
1.710224193287899e-04 9.998289775806695e-01
1.040101282541797e-04 9.998959898717444e-01
9.153427006357088e-04 9.990846572993654e-01
7.406076432095464e-04 9.992593923567897e-01
9.514169068113462e-04 9.990485830931863e-01
9.714578555952617e-04 9.990285421444047e-01
3.641341548345795e-04 9.996358658451648e-01
7.690856177536400e-04 9.992309143822490e-01
1.595132614942334e-04 9.998404867385035e-01
3.537754694499590e-04 9.996462245305495e-01
6.129018818578751e-04 9.993870981181417e-01
2.910584273714888e-04 9.997089415726297e-01
4.103967760384403e-04 9.995896032239634e-01
2.261998033451440e-04 9.997738001966531e-01
8.803318454795290e-04 9.991196681545210e-01
7.602930073002579e-04 9.992397069926960e-01
7.005859198297272e-04 9.992994140801691e-01
5.429849053408759e-04 9.994570150946570e-01
8.113705364656147e-04 9.991886294635354e-01
5.331957430494958e-05 9.999466804256966e-01
7.769795219427689e-04 9.992230204780574e-01
2.396802358540652e-04 9.997603197641458e-01
1.737668716796553e-04 9.998262331283194e-01
9.169908658849422e-05 9.999083009134114e-01
1.863690402709745e-04 9.998136309597284e-01
8.923670539180484e-04 9.991076329460794e-01
8.780589300016888e-04 9.991219410699969e-01
6.048098079420929e-04 9.993951901920604e-01
5.165406295533568e-04 9.994834593704468e-01
7.186565224276527e-04 9.992813434775752e-01
9.023217154092543e-04 9.990976782845921e-01
2.342480965870009e-04 9.997657519034141e-01
7.703062796427320e-04 9.992296937203562e-01
4.172238484904666e-04 9.995827761515099e-01
3.111473178636365e-05 9.999688852682147e-01
3.411894333720791e-04 9.996588105666246e-01
3.957481153312587e-04 9.996042518846665e-01
8.591949312462615e-04 9.991408050687526e-01
9.080660359570251e-04 9.990919339640433e-01
8.262615687267652e-04 9.991737384312714e-01
9.875099577966039e-04 9.990124900422046e-01
4.982139389175127e-04 9.995017860610799e-01
6.906181129885257e-04 9.993093818870096e-01
2.418249255483528e-04 9.997581750744534e-01
3.306340003200663e-04 9.996693659996800e-01
3.101122627277461e-04 9.996898877372734e-01
5.018188311700110e-06 9.999949818116868e-01
5.769018528610271e-04 9.994230981471390e-01
6.939868651176362e-04 9.993060131348807e-01
1.945376267300785e-04 9.998054623732721e-01
1.745701500702551e-04 9.998254298499273e-01
3.655819149926178e-04 9.996344180850084e-01
3.342079534429206e-04 9.996657920465563e-01
5.203380560010367e-04 9.994796619439967e-01
1.343947090671396e-04 9.998656052909352e-01
4.723902161162453e-04 9.995276097838833e-01
3.813364777762230e-04 9.996186635222251e-01
2.675124331918509e-04 9.997324875668083e-01
5.261549610922717e-04 9.994738450389060e-01
4.596101187789159e-04 9.995403898812234e-01
7.615033152009970e-04 9.992384966847994e-01
9.651545791192707e-04 9.990348454208803e-01
6.808824429342042e-04 9.993191175570673e-01
9.701107364955154e-04 9.990298892635014e-01
7.926449746911965e-04 9.992073550253082e-01
3.851316596242581e-04 9.996148683403736e-01
2.550137628911831e-04 9.997449862371104e-01
2.766727323518683e-04 9.997233272676492e-01
1.989205067174308e-04 9.998010794932823e-01
1.836791774993200e-04 9.998163208224995e-01
5.346278200709584e-04 9.994653721799310e-01
2.388888948270858e-04 9.997611111051736e-01
8.196175229214099e-04 9.991803824770812e-01
3.551876982330695e-04 9.996448123017663e-01
1.417218889361260e-04 9.998582781110632e-01
2.315221161672493e-04 9.997684778838367e-01
9.078187384288505e-04 9.990921812615732e-01
6.790904753253828e-05 9.999320909524689e-01
3.014531611338967e-05 9.999698546838881e-01
6.428693406285059e-04 9.993571306593714e-01
7.837754987037352e-04 9.992162245012949e-01
7.081911604115978e-05 9.999291808839574e-01
4.245234573631659e-04 9.995754765426366e-01
3.637677023630806e-04 9.996362322976351e-01
5.371397447836557e-04 9.994628602552139e-01
3.052916378565919e-04 9.996947083621434e-01
4.532220292673887e-04 9.995467779707333e-01
4.151187598962128e-04 9.995848812401050e-01
4.385478222621974e-04 9.995614521777412e-01
1.945217203130006e-04 9.998054782796882e-01
9.528017540050128e-05 9.999047198245987e-01
5.199753874422061e-04 9.994800246125578e-01
3.751772787426028e-04 9.996248227212582e-01
5.129483785219946e-04 9.994870516214777e-01
7.351401405323414e-04 9.992648598594714e-01
6.423806506223889e-04 9.993576193493784e-01
3.599612683081859e-04 9.996400387316891e-01
4.157347272324144e-04 9.995842652727679e-01
4.582760062371754e-04 9.995417239937596e-01
1.665333424259161e-04 9.998334666575712e-01
7.153563065049732e-04 9.992846436934979e-01
4.878973656781185e-04 9.995121026343227e-01
4.956674548232110e-04 9.995043325451753e-01
9.427460981784997e-04 9.990572539018218e-01
2.788214751368894e-04 9.997211785248639e-01
7.990356713923139e-04 9.992009643286086e-01
1.251734734853052e-04 9.998748265265168e-01
2.635970293150027e-04 9.997364029706842e-01
1.523491945396872e-04 9.998476508054616e-01
1.462708245736810e-04 9.998537291754270e-01
6.994805466928587e-04 9.993005194533054e-01
4.527807099886825e-04 9.995472192900113e-01
9.954948605876857e-04 9.990045051394126e-01
9.601640018329637e-04 9.990398359981666e-01
7.979633524570041e-04 9.992020366475416e-01
9.501702891794378e-04 9.990498297108197e-01
6.134073591267255e-04 9.993865926408739e-01
3.004357100041492e-04 9.996995642899948e-01
1.193435271008429e-04 9.998806564729005e-01
9.283008889946815e-04 9.990716991110036e-01
2.338081672781234e-05 9.999766191832694e-01
7.251981648083650e-04 9.992748018351926e-01
5.753747670496441e-04 9.994246252329513e-01
5.832585478715863e-04 9.994167414521316e-01
9.155049118352196e-04 9.990844950881659e-01
9.992143238742408e-04 9.990007856761260e-01
1.319834956100567e-04 9.998680165043878e-01
4.261187512320718e-04 9.995738812487663e-01
2.622154799905334e-04 9.997377845200088e-01
7.901780523542583e-04 9.992098219476470e-01
6.456260737745124e-04 9.993543739262291e-01
2.736684866355310e-04 9.997263315133651e-01
6.882591883054874e-04 9.993117408116945e-01
8.227276764243814e-04 9.991772723235767e-01
7.264882677272727e-04 9.992735117322739e-01
9.946138066078863e-04 9.990053861933937e-01
2.315030301685094e-04 9.997684969698329e-01
4.322086436074432e-04 9.995677913563938e-01
8.924935978269667e-04 9.991075064021729e-01
4.079869921283120e-04 9.995920130078696e-01
1.222851202687231e-04 9.998777148797300e-01
7.752814860291142e-04 9.992247185139689e-01
2.268521862056215e-04 9.997731478137925e-01
7.045707457190293e-05 9.999295429254280e-01
2.789200922050594e-04 9.997210799077941e-01
5.725303866865760e-04 9.994274696133120e-01
3.061724438369388e-04 9.996938275561612e-01
1.528301022022142e-04 9.998471698977984e-01
7.677022403929890e-04 9.992322977596069e-01
4.876425350700694e-04 9.995123574649304e-01
1.657935781148221e-04 9.998342064218866e-01
8.353417510822113e-04 9.991646582489198e-01
5.310175318348775e-04 9.994689824681626e-01
1.138568410864818e-04 9.998861431589146e-01
7.151276666550022e-04 9.992848723333435e-01
1.096959700165604e-04 9.998903040299818e-01
3.067569398849172e-04 9.996932430601149e-01
4.708300231448478e-04 9.995291699768521e-01
6.033121207110449e-04 9.993966878792868e-01
1.021354962091650e-04 9.998978645037910e-01
7.988246700096813e-04 9.992011753299908e-01
4.246747722375008e-04 9.995753252277635e-01
1.799388158833735e-04 9.998200611841159e-01
5.645293794814179e-04 9.994354706205180e-01
5.178659152390461e-04 9.994821340847617e-01
9.735207115561107e-04 9.990264792884437e-01
6.129864909102792e-04 9.993870135090877e-01
4.310617168949696e-04 9.995689382831040e-01
7.633185054853754e-04 9.992366814945161e-01
2.225259429751945e-04 9.997774740570248e-01
4.795911390488061e-04 9.995204088609515e-01
2.686542873482759e-04 9.997313457126507e-01
7.309806456852968e-04 9.992690193543120e-01
9.278460984020788e-04 9.990721539015968e-01
3.323767372014901e-04 9.996676232628016e-01
8.139701135159780e-05 9.999186029886461e-01
8.639174642831916e-04 9.991360825357175e-01
2.827940979695857e-04 9.997172059020293e-01
6.240404790090147e-04 9.993759595209900e-01
4.100620720907645e-04 9.995899379279107e-01
1.328243646950599e-04 9.998671756353069e-01
2.747748311592557e-04 9.997252251688429e-01
1.889062793556174e-05 9.999811093720627e-01
6.666229116893739e-04 9.993333770883142e-01
3.393749907665847e-04 9.996606250092320e-01
8.295777158605314e-04 9.991704222841399e-01
1.640896867981492e-04 9.998359103132027e-01
2.523960517594723e-04 9.997476039482395e-01
1.768069425774371e-04 9.998231930574224e-01
4.968713771241123e-05 9.999503128622881e-01
2.917724882022183e-04 9.997082275117977e-01
8.609371949242447e-04 9.991390628050777e-01
1.783833772625558e-04 9.998216166227388e-01
2.821648056162783e-04 9.997178351943841e-01
2.519794748137397e-05 9.999748020525204e-01
4.667091776018956e-04 9.995332908223969e-01
2.977892107375495e-05 9.999702210789257e-01
8.048420993925455e-05 9.999195157900596e-01
6.035601215010571e-04 9.993964398784968e-01
5.477342666138698e-04 9.994522657333856e-01
8.517832687171995e-04 9.991482167312816e-01
5.003094259828550e-05 9.999499690574022e-01
3.946719045846040e-04 9.996053280954161e-01
2.630645983285263e-04 9.997369354016725e-01
8.632950632357110e-05 9.999136704936737e-01
2.670580624393627e-04 9.997329419375587e-01
7.497040331282586e-04 9.992502959668701e-01
2.980249079165778e-04 9.997019750920875e-01
6.372039394901599e-04 9.993627960605114e-01
7.737640401798093e-05 9.999226235959821e-01
7.259100989630899e-04 9.992740899010375e-01
5.758246610291992e-04 9.994241753389709e-01
1.127992497998489e-04 9.998872007502023e-01
8.426880534970041e-04 9.991573119465028e-01
1.691886051733083e-04 9.998308113948300e-01
1.430001934368530e-04 9.998569998065632e-01
6.378323979562908e-04 9.993621676020429e-01
7.524498750058975e-04 9.992475501249944e-01
8.466050477742887e-04 9.991533949522283e-01
7.460310657346097e-04 9.992539689342641e-01
6.678271695578829e-04 9.993321728304415e-01
3.126560442211580e-05 9.999687343955795e-01
3.714485690067854e-04 9.996285514309948e-01
3.769148319044087e-04 9.996230851680948e-01
2.503107041914180e-04 9.997496892958072e-01
7.862029509993835e-04 9.992137970490017e-01
1.147803939820096e-04 9.998852196060175e-01
5.903839274324422e-04 9.994096160725671e-01
2.425142406712017e-04 9.997574857593292e-01
9.571798692410410e-04 9.990428201307590e-01
9.184627427135254e-05 9.999081537257302e-01
5.646570580325109e-05 9.999435342941961e-01
2.673214432222558e-04 9.997326785567784e-01
6.369721737972948e-04 9.993630278262036e-01
1.350896894300593e-04 9.998649103105698e-01
5.402880759236681e-04 9.994597119240765e-01
9.097908748681153e-04 9.990902091251326e-01
1.340845310109129e-04 9.998659154689878e-01
5.790352852120199e-04 9.994209647147875e-01
4.526332689915705e-04 9.995473667310095e-01
8.810377287216940e-04 9.991189622712757e-01
6.524130503671506e-04 9.993475869496320e-01
2.245562130288427e-04 9.997754437869719e-01
8.083481918448444e-04 9.991916518081562e-01
9.005007553455191e-04 9.990994992446566e-01
4.262071995048674e-04 9.995737928004987e-01
8.909527343807414e-04 9.991090472656193e-01
6.813714649428739e-05 9.999318628535039e-01
7.816493290514822e-04 9.992183506709463e-01
8.868512238855889e-04 9.991131487761128e-01
1.537871029322208e-04 9.998462128970672e-01
5.352653776579066e-04 9.994647346223408e-01
6.375948281199491e-04 9.993624051718807e-01
9.025600281971953e-04 9.990974399718038e-01
7.276227314694644e-04 9.992723772685295e-01
2.136267742253736e-04 9.997863732257765e-01
5.027178837884754e-04 9.994972821162091e-01
6.855649658519999e-04 9.993144350341496e-01
5.797967854328888e-04 9.994202032145669e-01
6.979514675475575e-04 9.993020485324516e-01
3.587555858937967e-04 9.996412444141076e-01
5.720934705331919e-04 9.994279065294661e-01
3.465755703723826e-04 9.996534244296251e-01
9.246037840367610e-04 9.990753962159632e-01
2.780791856802841e-04 9.997219208143184e-01
5.520896159549368e-04 9.994479103840447e-01
6.127022383260682e-04 9.993872977616739e-01
3.384090118013667e-04 9.996615909881983e-01
4.791328504102498e-04 9.995208671495880e-01
8.741595161296767e-04 9.991258404838678e-01
7.276193685604375e-04 9.992723806314404e-01
3.928386339331872e-05 9.999607161366046e-01
6.740688097583209e-04 9.993259311902420e-01
5.394282567781211e-04 9.994605717432218e-01
1.570934539500818e-04 9.998429065460477e-01
5.037785395265042e-04 9.994962214604735e-01
9.666378545517061e-04 9.990333621454502e-01
7.021780998033516e-04 9.992978219001969e-01
9.064151261745561e-04 9.990935848738253e-01
3.001551253341009e-04 9.996998448746688e-01
9.919755602250628e-05 9.999008024439746e-01
8.656588030701038e-04 9.991343411969292e-01
6.331954447051102e-05 9.999366804555302e-01
4.491923092301536e-04 9.995508076907699e-01
8.756001058206411e-04 9.991243998941767e-01
8.455362926565336e-04 9.991544637073444e-01
9.404497496904239e-04 9.990595502503090e-01
9.032234051649103e-04 9.990967765948360e-01
5.022900116954489e-04 9.994977099883046e-01
4.923363360182480e-04 9.995076636639814e-01
4.381502861124673e-04 9.995618497138876e-01
9.619704124079163e-04 9.990380295875948e-01
2.552140329154925e-04 9.997447859670846e-01
3.656991679543424e-04 9.996343008320465e-01
9.170439451419738e-04 9.990829560548573e-01
2.368517649554091e-07 9.999997631482351e-01
8.519176705936724e-04 9.991480823294039e-01
8.256585265647067e-04 9.991743414734326e-01
8.410023802847430e-04 9.991589976197164e-01
3.629194682617193e-04 9.996370805317378e-01
1.088680653322308e-04 9.998911319346674e-01
7.156233576838384e-04 9.992843766423138e-01
4.816386663997691e-04 9.995183613335998e-01
1.871349910867468e-04 9.998128650089124e-01
6.585341853021733e-05 9.999341465814687e-01
5.227167202032411e-04 9.994772832797948e-01
3.628310218041774e-04 9.996371689781938e-01
2.805121309960884e-05 9.999719487869002e-01
1.657990817879953e-04 9.998342009182150e-01
5.309657421786605e-04 9.994690342578224e-01
7.597903405946302e-06 9.999924020965917e-01
3.260218579431095e-04 9.996739781420573e-01
3.738155492501524e-05 9.999626184450752e-01
3.598490307885431e-04 9.996401509692106e-01
6.597784667076435e-04 9.993402215332933e-01
8.511031401469498e-04 9.991488968598528e-01
6.475771316624970e-04 9.993524228683379e-01
6.449917415268662e-04 9.993550082584745e-01
5.736649028965302e-04 9.994263350971049e-01
9.408518257237476e-05 9.999059148174296e-01
6.925268705700056e-04 9.993074731294311e-01
3.438706227606812e-04 9.996561293772388e-01
4.043606867832481e-04 9.995956393132185e-01
2.705739040238270e-04 9.997294260959764e-01
8.339517017738669e-04 9.991660482982263e-01
7.760019602539762e-05 9.999223998039761e-01
9.313095247574767e-04 9.990686904752408e-01
3.770102781143974e-04 9.996229897218846e-01
7.060413407216944e-04 9.992939586592752e-01
7.716010957152307e-04 9.992283989042851e-01
7.597621979461785e-04 9.992402378020514e-01
5.633289984334172e-04 9.994366710015665e-01
7.421350043425844e-04 9.992578649956579e-01
6.850554620763648e-04 9.993149445379220e-01
1.839584917754668e-04 9.998160415082253e-01
3.417582844590456e-04 9.996582417155382e-01
8.807253812183788e-04 9.991192746187814e-01
8.421334207285900e-04 9.991578665792719e-01
3.182724562442621e-04 9.996817275437548e-01
5.892968873385255e-05 9.999410703112691e-01
6.120731195599370e-04 9.993879268804400e-01
4.326942939791702e-04 9.995673057060188e-01
6.927798859613810e-04 9.993072201140377e-01
4.640869453703452e-04 9.995359130546272e-01
1.178142939742275e-04 9.998821857060243e-01
3.819637587123746e-04 9.996180362412891e-01
1.132811167634372e-04 9.998867188832388e-01
3.537964926064650e-04 9.996462035073937e-01
4.003580487485590e-04 9.995996419512491e-01
1.486548713889447e-04 9.998513451286084e-01
1.191950498428089e-04 9.998808049501577e-01
3.169341865443357e-04 9.996830658134535e-01
4.116146917470945e-04 9.995883853082521e-01
9.577851646649222e-04 9.990422148353348e-01
5.277288482177129e-05 9.999472271151771e-01
7.316888007799745e-04 9.992683111992211e-01
3.728065416636229e-04 9.996271934583366e-01
8.328486999197361e-04 9.991671513000816e-01
5.974006634657936e-04 9.994025993365330e-01
9.292753784625527e-04 9.990707246215367e-01
2.011961287724396e-04 9.997988038712250e-01
7.370867021108875e-04 9.992629132978894e-01
5.545544237469903e-04 9.994454455762524e-01
2.545322100946655e-04 9.997454677899056e-01
2.050593957696918e-04 9.997949406042319e-01
1.619719073591060e-05 9.999838028092646e-01
4.399320849512568e-04 9.995600679150491e-01
2.486178988875927e-04 9.997513821011115e-01
2.449034105737350e-04 9.997550965894263e-01
5.003195090758206e-04 9.994996804909274e-01
1.479635451884024e-04 9.998520364548137e-01
1.717225450424944e-04 9.998282774549579e-01
1.351270217348588e-04 9.998648729782672e-01
5.828038848403861e-04 9.994171961151609e-01
9.479213666087836e-04 9.990520786333892e-01
3.522654820601286e-04 9.996477345179398e-01
6.004378779032192e-04 9.993995621220964e-01
1.082375451865806e-04 9.998917624548109e-01
2.811799043157473e-04 9.997188200956851e-01
6.476855184647005e-04 9.993523144815337e-01
5.118003099758764e-05 9.999488199690039e-01
2.757014986581533e-04 9.997242985013415e-01
9.300456117729446e-04 9.990699543882298e-01
6.122396665046178e-04 9.993877603334945e-01
6.550892702805196e-04 9.993449107297190e-01
2.839894142211367e-04 9.997160105857795e-01
4.155303855803462e-04 9.995844696144190e-01
9.012419103252944e-04 9.990987580896786e-01
5.210945353257818e-04 9.994789054646724e-01
2.946391227036913e-04 9.997053608772980e-01
6.754465112448208e-04 9.993245534887559e-01
5.404313563948963e-04 9.994595686436035e-01
5.741239938927173e-04 9.994258760061087e-01
5.073359820871499e-04 9.994926640179144e-01
2.805752275588655e-05 9.999719424772450e-01
8.613980237564499e-04 9.991386019762413e-01
2.767168897997183e-04 9.997232831101996e-01
3.941244667176337e-05 9.999605875533312e-01
3.695698178003258e-04 9.996304301822019e-01
7.630351277109811e-04 9.992369648722875e-01
6.499355608068722e-04 9.993500644391938e-01
6.765271014275332e-04 9.993234728985749e-01
5.637559426391511e-04 9.994362440573621e-01
4.267866707437323e-04 9.995732133292562e-01
5.761639654603740e-05 9.999423836034513e-01
7.120041564564690e-04 9.992879958435423e-01
6.603176382837969e-04 9.993396823617182e-01
1.735492723296334e-04 9.998264507276675e-01
3.931892948140752e-04 9.996068107051861e-01
7.141065455608582e-04 9.992858934544377e-01
6.312022629367159e-04 9.993687977370667e-01
9.476203496756193e-04 9.990523796503249e-01
4.001289629992511e-04 9.995998710369993e-01
6.836069349189031e-05 9.999316393065076e-01
1.124431057360900e-04 9.998875568942641e-01
9.093910484317223e-04 9.990906089515673e-01
9.420667397951777e-04 9.990579332602056e-01
2.854094139579777e-04 9.997145905860421e-01
6.169044632786447e-04 9.993830955367206e-01
1.823362236912102e-04 9.998176637763082e-01
2.780198709158615e-04 9.997219801290851e-01
2.665303311062112e-04 9.997334696688945e-01
7.559437879523876e-04 9.992440562120478e-01
