Processing molecule: formaldehyde
Running with alpha = 8
Running with l = 200
read ../formaldehyde/gamma_VASP_RNDbasis1.dat
Davidson
iter=     1  rel‖R‖=  1.383e+01  size(V,2)=  1200
iter=     2  rel‖R‖=  1.011e+00  size(V,2)=  2400
iter=     3  rel‖R‖=  1.177e-01  size(V,2)=  3600
iter=     4  rel‖R‖=  5.221e-02  size(V,2)=  4800
iter=     5  rel‖R‖=  3.809e-02  size(V,2)=  6000
iter=     6  rel‖R‖=  2.882e-02  size(V,2)=  7200
iter=     7  rel‖R‖=  2.314e-02  size(V,2)=  8400
iter=     8  rel‖R‖=  1.939e-02  size(V,2)=  9600
iter=     9  rel‖R‖=  1.764e-02  size(V,2)=  2400
iter=    10  rel‖R‖=  1.695e-02  size(V,2)=  3600
iter=    11  rel‖R‖=  1.641e-02  size(V,2)=  4800
iter=    12  rel‖R‖=  1.595e-02  size(V,2)=  6000
iter=    13  rel‖R‖=  1.545e-02  size(V,2)=  7200
iter=    14  rel‖R‖=  1.488e-02  size(V,2)=  8400
converged!
5099.965125 seconds (235.33 k allocations: 100.735 GiB, 0.07% gc time, 0.00% compilation time)
Total estimated FLOPs: 272694426034800

Reading exact Eigenvalues...
Reading eigenvalues from ../Eigenvalues_folder/eigenres_formaldehyde_RNDbasis1.jld2

Difference between Davidson and exact eigenvalues:
1×1200 adjoint(::Vector{Float64}) with eltype Float64:
 -1.06581e-14  3.55271e-15  7.10543e-15  0.0  -7.10543e-15  -3.55271e-15  8.88178e-15  -8.88178e-15  -5.32907e-15  5.32907e-15  -1.06581e-14  2.66454e-15  7.10543e-15  -2.66454e-15  -3.55271e-15  4.44089e-15  -1.77636e-15  0.0  1.77636e-15  -4.44089e-15  0.0  5.32907e-15  -5.32907e-15  4.44089e-15  -1.77636e-15  -4.44089e-15  7.54952e-15  -4.44089e-15  7.99361e-15  1.5099e-14  8.88178e-16  -4.88498e-15  1.24345e-14  -6.66134e-15  2.22045e-15  9.32587e-15  2.66454e-15  -2.66454e-15  -4.44089e-15  7.10543e-15  0.0  9.76996e-15  1.19904e-14  2.22045e-15  1.33227e-15  1.24345e-14  -6.66134e-15  4.44089e-16  -7.10543e-15  1.86517e-14  2.66454e-15  -2.08722e-14  4.44089e-15  -7.99361e-15  -1.46549e-14  6.66134e-15  9.32587e-15  1.37668e-14  1.11022e-14  -1.04361e-14  2.4869e-14  -1.24345e-14  1.9984e-14  -3.10862e-15  9.54792e-15  -4.88498e-15  -8.65974e-15  2.88658e-15  2.66454e-15  -1.5099e-14  6.66134e-16  7.32747e-15  2.68674e-14  1.75415e-14  8.65974e-15  2.55351e-14  8.65974e-15  6.43929e-15  1.26565e-14  1.33227e-15  1.44329e-14  3.55271e-15  1.55431e-14  2.04281e-14  -2.44249e-14  -1.9984e-15  -1.42109e-14  1.79856e-14  6.88338e-15  1.31006e-14  1.13243e-14  3.28626e-14  -1.86517e-14  7.77156e-15  1.64313e-14  -2.66454e-15  -1.77636e-14  -1.46549e-14  2.70894e-14  7.54952e-15  2.02061e-14  -1.08802e-14  -3.15303e-14  -1.37668e-14  1.53211e-14  -3.28626e-14  1.57652e-14  1.77636e-15  -3.55271e-15  1.42109e-14  -4.44089e-15  -2.08722e-14  1.90958e-14  -2.24265e-14  -7.54952e-15  -2.02061e-14  2.08722e-14  1.06581e-14  2.95319e-14  2.35367e-14  1.66533e-14  3.81917e-14  1.12133e-14  3.4972e-14  1.22125e-14  6.55032e-15  -2.75824e-12  -1.64684e-11  -2.3952e-12  -6.8362e-12  -8.44252e-11  -1.15522e-10  -1.44062e-10  -1.50344e-9  -8.34744e-10  -1.8298e-9  -8.3893e-10  -3.71257e-9  -7.44278e-9  -2.27388e-9  -4.85954e-9  -3.31984e-9  -8.81613e-9  -5.89698e-8  -2.49536e-8  -1.25298e-8  -1.83999e-8  -8.63743e-8  -9.11029e-8  -7.65161e-8  -2.28527e-7  -3.78823e-7  -8.07819e-7  -3.85422e-7  -1.40637e-6  -4.08636e-6  -6.99891e-5  -0.000327874  -0.000259973  -0.000726243  -0.00035009  -0.000735318  -0.000675248  -0.000878674  -0.000676234  -0.00157608  -0.00207486  -0.00214951  -0.00187192  -0.00178898  -0.00222717  -0.00150868  -0.00450045  -0.00494902  -0.00396488  -0.0037064  -0.00539341  -0.0052619  -0.00503815  -0.00570137  -0.00654831  -0.00731422  -0.00635482  -0.0074918  -0.00786462  -0.00780103  -0.0079795  -0.00704581  -0.0080559  -0.00939034  -0.00858371  -0.0108946  -0.00986864  -0.00988447  -0.0110935  -0.0100979  -0.00981385  -0.0106413  -0.010741  -0.0108512  -0.010342  -0.0132831  -0.0118416  -0.0109242  -0.0123062  -0.012842  -0.0104511  -0.0128633  -0.0128666  -0.0127607  -0.0127039  -0.0134569  -0.012291  -0.0127048  -0.0134224  -0.0129658  -0.0127402  -0.0126592  -0.0132868  -0.012792  -0.0135765  -0.0134557  -0.0132821  -0.0139225  -0.0134439  -0.0133332  -0.0133785  -0.0130393  -0.0131051  -0.0134859  -0.0131557  -0.0134639  -0.0129065  -0.012926  -0.0134592  -0.0131081  -0.0127762  -0.0125225  -0.012863  -0.0129286  -0.0126185  -0.0127266  -0.0124232  -0.0125309  -0.0123089  -0.0123211  -0.0120311  -0.0124536  -0.0121105  -0.0124624  -0.0120926  -0.0122485  -0.0120294  -0.0121685  -0.0123748  -0.0117864  -0.0115745  -0.0117111  -0.0115077  -0.011838  -0.0109437  -0.0112791  -0.0115084  -0.011425  -0.0113899  -0.011252  -0.0113396  -0.0111668  -0.0109599  -0.011155  -0.0107816  -0.0108318  -0.0106567  -0.0109166  -0.010363  -0.0103611  -0.0103446  -0.010285  -0.0106951  -0.010129  -0.0102192  -0.0101317  -0.00972781  -0.0101545  -0.0101404  -0.0101655  -0.00975229  -0.00976853  -0.00960115  -0.00981319  -0.00964129  -0.00995097  -0.00969726  -0.0095099  -0.00944676  -0.00950387  -0.00951815  -0.00918654  -0.00950201  -0.00901686  -0.00906828  -0.00910819  -0.00911546  -0.00872922  -0.00923892  -0.0089714  -0.00887026  -0.00865654  -0.00867583  -0.00898151  -0.00846624  -0.00844418  -0.00843907  -0.00823446  -0.00822581  -0.00798309  -0.00794545  -0.0080804  -0.00798501  -0.00780766  -0.00796667  -0.00774697  -0.00781905  -0.00772869  -0.00759741  -0.00778676  -0.00774677  -0.00776237  -0.00761652  -0.00730654  -0.00710048  -0.00723779  -0.00708806  -0.00686208  -0.00700098  -0.00713604  -0.0068071  -0.00687588  -0.00719972  -0.00661681  -0.00678785  -0.00607208  -0.00528249  -0.00575826  -0.00554959  -0.00600463  -0.00390567  -0.00416353  -0.00349301  -0.00362915  -0.00313627  -0.00237641  -0.00235084  -0.00240144  -0.00167388  -0.00190463  -0.00183451  -0.00165273  -0.00160111  -0.000951053  -0.00139634  -0.00113271  -0.000763962  -0.000549252  -0.000583536  -0.000641092  -0.000268084  -0.000542053  -0.00032044  -0.000225647  -0.000274538  -0.000266642  -0.000445543  -0.000136301  -0.000102166  -6.69883e-5  -8.52739e-5  -3.06729e-5  -2.30775e-5  -1.87426e-5  -1.28123e-5  -1.03944e-5  -5.57248e-6  -1.01823e-5  -9.50494e-6  -9.32052e-6  -4.07199e-6  -2.30116e-6  -4.22614e-6  -2.93815e-6  -1.07602e-6  -1.32304e-6  -1.06939e-6  -6.17452e-7  -7.18553e-7  -5.5553e-7  -7.25388e-7  -3.40222e-7  -1.61705e-7  -1.25166e-7  -1.18024e-7  -9.75001e-8  -1.27521e-7  -2.27134e-7  -6.04714e-8  -4.41665e-8  -4.68905e-8  -3.52388e-8  -5.03578e-8  -3.19833e-8  -2.17791e-8  -1.99507e-8  -1.9169e-8  -1.76921e-8  -1.28088e-8  -1.91588e-8  -1.41128e-8  -1.16826e-8  -1.03562e-8  -1.0727e-8  -8.21227e-9  -8.6293e-9  -7.95289e-9  -7.75126e-9  -8.02216e-9  -6.30429e-9  -6.80293e-9  -5.36934e-9  -5.94618e-9  -5.07036e-9  -4.77309e-9  -4.42171e-9  -4.19503e-9  -3.58028e-9  -4.12377e-9  -3.60068e-9  -3.46058e-9  -2.97437e-9  -2.66165e-9  -2.83024e-9  -2.08219e-9  -2.37101e-9  -2.27206e-9  -2.05109e-9  -2.04849e-9  -1.79865e-9  -1.66885e-9  -1.9923e-9  -1.5553e-9  -1.59292e-9  -1.51967e-9  -1.45273e-9  -1.47221e-9  -1.45949e-9  -1.3404e-9  -1.17347e-9  -1.07465e-9  -1.23659e-9  -1.1864e-9  -1.07636e-9  -1.17975e-9  -9.99265e-10  -8.37766e-10  -9.67102e-10  -9.86494e-10  -7.88982e-10  -9.45836e-10  -7.66882e-10  -7.98239e-10  -7.78784e-10  -7.62242e-10  -7.77806e-10  -6.88725e-10  -6.31562e-10  -6.15199e-10  -6.95246e-10  -6.35327e-10  -6.34002e-10  -6.3795e-10  -5.7632e-10  -5.31441e-10  -5.57025e-10  -5.46716e-10  -4.92099e-10  -5.1502e-10  -4.83382e-10  -4.45188e-10  -4.93983e-10  -3.95707e-10  -4.43808e-10  -4.12231e-10  -4.01779e-10  -3.81665e-10  -4.1643e-10  -3.60973e-10  -3.35276e-10  -3.29254e-10  -3.13815e-10  -3.1109e-10  -3.03495e-10  -2.94905e-10  -2.86658e-10  -2.80866e-10  -3.00849e-10  -2.96815e-10  -2.59901e-10  -2.73013e-10  -2.75479e-10  -2.84943e-10  -2.63702e-10  -2.35177e-10  -2.32804e-10  -2.15454e-10  -2.26894e-10  -2.24685e-10  -2.1322e-10  -1.94582e-10  -2.33079e-10  -1.94301e-10  -1.94046e-10  -1.94337e-10  -2.21242e-10  -1.88075e-10  -2.04351e-10  -1.78765e-10  -1.93223e-10  -1.61698e-10  -1.59769e-10  -1.67616e-10  -1.54863e-10  -1.54121e-10  -1.29301e-10  -1.72167e-10  -1.43538e-10  -1.53769e-10  -1.37139e-10  -1.36679e-10  -1.47071e-10  -1.43709e-10  -1.42486e-10  -1.37875e-10  -1.4582e-10  -1.36985e-10  -1.34798e-10  -1.34126e-10  -1.39534e-10  -1.20697e-10  -1.38662e-10  -1.16361e-10  -1.29584e-10  -1.32484e-10  -1.33271e-10  -1.01629e-10  -1.02057e-10  -1.15999e-10  -1.04315e-10  -1.04562e-10  -1.01324e-10  -1.03178e-10  -9.66615e-11  -9.4945e-11  -9.64229e-11  -1.024e-10  -9.46204e-11  -8.2212e-11  -9.24927e-11  -1.1074e-10  -9.2744e-11  -8.41972e-11  -9.06244e-11  -7.31964e-11  -7.71639e-11  -1.0426e-10  -7.61247e-11  -8.56553e-11  -7.63109e-11  -7.4785e-11  -7.00536e-11  -7.35618e-11  -8.23672e-11  -7.41348e-11  -6.36218e-11  -6.48799e-11  -6.98083e-11  -7.44632e-11  -7.07569e-11  -7.02117e-11  -6.20451e-11  -6.07061e-11  -6.23853e-11  -6.601e-11  -6.72227e-11  -6.62642e-11  -7.16949e-11  -5.93405e-11  -5.62093e-11  -5.82035e-11  -5.61854e-11  -5.59033e-11  -5.64803e-11  -6.0119e-11  -5.75984e-11  -5.9208e-11  -5.15321e-11  -5.3424e-11  -4.81046e-11  -5.31461e-11  -5.4071e-11  -5.16736e-11  -4.65211e-11  -5.34821e-11  -4.51506e-11  -5.19525e-11  -4.76503e-11  -5.7094e-11  -5.05282e-11  -4.85739e-11  -4.647e-11  -4.06368e-11  -5.25266e-11  -5.03694e-11  -4.5412e-11  -5.03064e-11  -4.68522e-11  -4.8408e-11  -4.13789e-11  -4.0056e-11  -4.62984e-11  -3.73013e-11  -4.44953e-11  -4.30106e-11  -4.33418e-11  -4.04772e-11  -3.82938e-11  -3.64938e-11  -3.79365e-11  -3.68789e-11  -4.05728e-11  -4.04092e-11  -4.34156e-11  -3.65024e-11  -3.74382e-11  -3.79188e-11  -3.70394e-11  -3.01647e-11  -3.09426e-11  -3.95909e-11  -3.88787e-11  -3.7715e-11  -3.34244e-11  -3.57254e-11  -3.5514e-11  -3.7583e-11  -3.68497e-11  -3.81056e-11  -3.10326e-11  -2.82182e-11  -3.45885e-11  -3.30005e-11  -3.25632e-11  -3.25736e-11  -3.26164e-11  -3.24336e-11  -3.80906e-11  -3.23911e-11  -2.80144e-11  -3.19112e-11  -2.98826e-11  -3.19035e-11  -3.13033e-11  -2.79875e-11  -3.11566e-11  -2.74172e-11  -2.93791e-11  -2.73304e-11  -3.06597e-11  -2.69294e-11  -2.84513e-11  -2.7455e-11  -3.10119e-11  -2.45315e-11  -2.65712e-11  -2.79446e-11  -2.93587e-11  -2.99964e-11  -2.65139e-11  -2.96242e-11  -2.84524e-11  -2.76896e-11  -2.66814e-11  -2.30929e-11  -2.27571e-11  -2.83544e-11  -2.56144e-11  -2.55812e-11  -2.32103e-11  -2.36332e-11  -2.35232e-11  -2.27998e-11  -2.53302e-11  -2.48531e-11  -2.14841e-11  -2.89675e-11  -2.38087e-11  -2.11159e-11  -2.36762e-11  -2.04615e-11  -2.30548e-11  -2.67801e-11  -2.46885e-11  -2.23884e-11  -2.29112e-11  -2.13657e-11  -2.10613e-11  -1.94633e-11  -2.11827e-11  -2.0408e-11  -1.84729e-11  -2.49826e-11  -2.00169e-11  -2.21308e-11  -2.1583e-11  -1.94343e-11  -2.45359e-11  -2.2459e-11  -2.04592e-11  -2.00876e-11  -2.151e-11  -1.80481e-11  -1.92041e-11  -1.78518e-11  -2.30864e-11  -1.9132e-11  -1.86444e-11  -1.662e-11  -1.6645e-11  -2.00626e-11  -1.94676e-11  -1.75871e-11  -1.99471e-11  -1.88988e-11  -2.09919e-11  -1.89708e-11  -2.189e-11  -1.83542e-11  -1.74314e-11  -1.96456e-11  -1.81559e-11  -1.63342e-11  -1.78528e-11  -1.89441e-11  -1.6932e-11  -1.89548e-11  -1.93412e-11  -1.99528e-11  -1.93379e-11  -1.84953e-11  -1.87248e-11  -1.68395e-11  -1.64022e-11  -1.89634e-11  -1.75862e-11  -1.68745e-11  -1.50304e-11  -1.7679e-11  -1.47502e-11  -1.66841e-11  -1.46619e-11  -1.89521e-11  -1.3127e-11  -1.73167e-11  -1.84426e-11  -1.49128e-11  -1.58246e-11  -1.51247e-11  -1.62905e-11  -1.45035e-11  -1.45688e-11  -1.56314e-11  -1.38989e-11  -1.44413e-11  -1.50172e-11  -1.51299e-11  -1.61476e-11  -1.51074e-11  -1.46817e-11  -1.58318e-11  -1.40462e-11  -1.43284e-11  -1.45452e-11  -1.42642e-11  -1.45298e-11  -1.08796e-11  -1.56048e-11  -1.38279e-11  -1.51173e-11  -1.42571e-11  -1.52994e-11  -1.49951e-11  -1.25598e-11  -1.40249e-11  -1.46707e-11  -1.29196e-11  -1.48803e-11  -1.24616e-11  -1.32887e-11  -1.41581e-11  -1.22041e-11  -1.54876e-11  -1.24733e-11  -1.38519e-11  -1.24377e-11  -1.23926e-11  -1.35821e-11  -1.44779e-11  -1.16248e-11  -1.28418e-11  -1.52573e-11  -1.49185e-11  -1.34728e-11  -1.31172e-11  -1.32302e-11  -1.38628e-11  -1.16617e-11  -1.15222e-11  -1.48097e-11  -1.41858e-11  -1.27431e-11  -1.20876e-11  -1.19387e-11  -1.27129e-11  -1.37905e-11  -1.50787e-11  -1.18287e-11  -1.27944e-11  -1.26736e-11  -1.2264e-11  -1.16415e-11  -1.26717e-11  -1.02571e-11  -1.30454e-11  -1.229e-11  -1.14832e-11  -1.1529e-11  -1.2306e-11  -1.16133e-11  -1.16313e-11  -1.23534e-11  -1.19362e-11  -1.3035e-11  -1.2072e-11  -9.93423e-12  -1.12159e-11  -1.14036e-11  -1.24583e-11  -1.11124e-11  -1.21796e-11  -1.25924e-11  -1.05624e-11  -1.12731e-11  -1.10408e-11  -1.2191e-11  -9.25972e-12  -1.19756e-11  -1.16316e-11  -1.02394e-11  -1.17964e-11  -1.06707e-11  -1.26172e-11  -1.01171e-11  -1.21027e-11  -8.98338e-12  -1.06206e-11  -1.03567e-11  -8.32977e-12  -1.09446e-11  -1.23869e-11  -9.72388e-12  -9.66927e-12  -1.09194e-11  -1.17295e-11  -1.12486e-11  -1.0818e-11  -1.01342e-11  -1.06599e-11  -9.91972e-12  -8.61678e-12  -1.03223e-11  -8.89949e-12  -9.58461e-12  -1.1505e-11  -9.7874e-12  -9.22412e-12  -9.76108e-12  -1.18587e-11  -9.3328e-12  -1.02001e-11  -8.11947e-12  -7.73313e-12  -1.1305e-11  -1.19519e-11  -1.01057e-11  -9.75201e-12  -8.60075e-12  -9.76819e-12  -9.76576e-12  -9.11485e-12  -9.7218e-12  -9.00175e-12  -9.23646e-12  -8.05521e-12  -1.14126e-11  -1.12469e-11  -1.02357e-11  -9.451e-12  -8.37157e-12  -7.48291e-12  -1.04117e-11  -1.05107e-11  -1.01144e-11  -8.70416e-12  -8.54932e-12  -1.01398e-11  -8.88862e-12  -9.16275e-12  -1.04556e-11  -1.0983e-11  -7.86187e-12  -7.69444e-12  -8.65856e-12  -8.27108e-12  -1.02188e-11  -1.0138e-11  -8.3731e-12  -9.47659e-12  -9.16156e-12  -9.8764e-12  -1.02739e-11  -9.12696e-12  -9.35531e-12  -9.48685e-12  -9.07443e-12  -8.41199e-12  -9.35785e-12  -7.6744e-12  -1.01168e-11  -9.76848e-12  -9.82841e-12  -8.65381e-12  -6.23607e-12  -7.15755e-12  -1.02763e-11  -1.04848e-11  -8.02218e-12  -8.34408e-12  -7.82568e-12  -1.08078e-11  -1.09826e-11  -7.6989e-12  -8.86471e-12  -8.57833e-12  -9.8424e-12  -7.08386e-12  -1.06237e-11  -7.01473e-12  -6.72653e-12  -7.84946e-12  -1.07125e-11  -8.05243e-12  -5.79452e-12  -7.79788e-12  -8.47451e-12  -8.64631e-12  -8.68048e-12  -9.68896e-12  -9.45677e-12  -6.64035e-12  -7.60225e-12  -5.39214e-12  -6.95328e-12  -1.00706e-11  -8.4085e-12  -7.6397e-12  -8.51785e-12  -7.36212e-12  -8.03023e-12  -8.78728e-12  -5.74018e-12  -9.457e-12  -5.89092e-12  -9.13646e-12  -5.27618e-12  -9.2012e-12  -6.47501e-12  -6.03033e-12  -1.13739e-11  -1.05095e-11  -5.91694e-12  -1.08015e-11  -6.53384e-12  -6.32503e-12  -1.03479e-11  -9.61124e-12  -7.27047e-12  -1.07043e-11  -9.39073e-12  -8.98585e-12  -1.09537e-11  -6.57202e-12  -9.4418e-12  -8.76696e-12  -5.57949e-12  -5.74812e-12  -9.47907e-12  -8.42783e-12  -1.0307e-11  -9.8424e-12  -9.03024e-12  -7.25322e-12  -9.229e-12  -8.76628e-12  -9.62288e-12  -8.25621e-12  -8.07417e-12  -8.8444e-12  -8.97845e-12  -4.90683e-12  -6.47902e-12  -9.78681e-12  -8.4498e-12  -8.96581e-12  -9.74909e-12  -1.04304e-11  -6.19712e-12  -8.1127e-12  -7.16973e-12  -1.05567e-11  -8.8907e-12  -9.02554e-12  -1.06808e-11  -1.03416e-11  -5.31276e-12  -7.42912e-12  -9.55957e-12  -8.44065e-12  -1.09634e-11  -8.64472e-12  -5.92117e-12  -1.20562e-11  -9.9295e-12  -7.30069e-12  -8.87436e-12  -8.43539e-12  -5.92044e-12  -9.4231e-12  -9.75368e-12  -1.05432e-11  -1.02058e-11  -1.12908e-11  -1.15373e-11  -8.01502e-12  -7.15024e-12  -8.84268e-12  -1.17216e-11  -1.25523e-11  -9.52657e-12  -1.04772e-11  -1.01458e-11  -9.81383e-12  -7.7623e-12  -1.03757e-11  -8.23977e-12  -9.12768e-12  -1.30387e-11  -1.22222e-11  -1.01067e-11  -9.45407e-12  -1.47002e-11  -1.06472e-11  -1.31139e-11  -8.74168e-12  -1.17767e-11  -1.07825e-11  -9.96253e-12  -1.21572e-11  -1.1965e-11  -8.47377e-12  -9.68507e-12  -9.48561e-12  -1.20792e-11  -1.4294e-11  -9.38185e-12  -8.95261e-12  -1.00613e-11  -1.2506e-11  -1.31234e-11  -1.30852e-11  -1.41375e-11  -1.17777e-11  -1.09525e-11  -1.57333e-11  -1.73584e-11  -1.57664e-11  -1.07818e-11  -1.34065e-11  -1.28614e-11  -1.14083e-11  -1.92559e-11  -1.73349e-11  -1.84101e-11  -1.51721e-11  -1.41019e-11  -2.01402e-11  -1.66781e-11  -1.9993e-11  -1.17833e-11  -2.10094e-11  -2.25171e-11  -1.42028e-11  -1.5347e-11  -2.87353e-11  -2.09231e-11  -2.34156e-11  -2.61273e-11  -2.50611e-11  -2.09505e-11  -2.59503e-11  -2.45107e-11  -2.57625e-11  -3.63415e-11  -2.50774e-11  -3.9627e-11  -3.39362e-11  -4.08678e-11  -2.76747e-11  -4.16557e-11  -4.87947e-11  -5.37784e-11  -4.39587e-11  -7.53604e-11  -4.88308e-11  -6.92517e-11  -7.16544e-11  -4.76388e-11  -6.78966e-11  -7.99732e-11  -8.75916e-11  -1.72542e-10  -8.83947e-11  -1.43965e-10  -1.58272e-10  -1.98698e-10  -1.35329e-10  -1.97452e-10  -1.05056e-10  -2.61264e-10  -1.86989e-10  -1.43833e-10  -2.48016e-10  -1.46907e-10  -1.82976e-10  -2.9622e-10  -5.33366e-10  -6.67565e-10  -2.76162e-10  -3.69315e-10  -9.97591e-10  -7.94095e-10  -1.30929e-9  -8.68044e-10  -1.11424e-9  -2.41545e-9  -3.07041e-9  -6.50483e-9  -5.22133e-9  -1.00715e-9  -9.71742e-9  -4.54962e-9  -6.67341e-9  -4.19114e-9  -1.98873e-8  -1.10266e-8  -5.61519e-9  -1.29321e-8  -1.7787e-8  -2.14905e-8  -1.83341e-8  -2.23167e-8  -1.21416e-7  -1.1984e-7  -1.8399e-7  -1.56556e-7  -1.44692e-7  -4.50974e-7  -1.14314e-7  -1.2061e-6  -5.83493e-7  -5.90863e-7  -9.05772e-6  -1.51599e-5
1200 Eigenvalues converges, out of 1200 requested.
Finished processing molecule: formaldehyde
